    10    10     1
   0.0624626  4.09472e-08 -2.36791e-05  -0.00060442  2.74302e-07  5.54909e-07  2.54755e-06  1.71256e-05  0.000487218 -2.54597e-05
 4.09472e-08       0.0625  4.84829e-07  2.29247e-05  2.91777e-08   1.6804e-07 -1.03379e-07 -4.97574e-07 -8.33956e-06 -6.83894e-06
-2.36791e-05  4.84829e-07     0.105691  -0.00204212 -5.15328e-06 -2.22965e-05 -2.03535e-06 -1.80069e-05   0.00139319  0.000229225
 -0.00060442  2.29247e-05  -0.00204212      0.04229 -0.000118133 -0.000559323  0.000200756   0.00100555    0.0333042    0.0113962
 2.74302e-07  2.91777e-08 -5.15328e-06 -0.000118133     0.105792 -2.23302e-06  1.86282e-07  9.76905e-07  7.15729e-05  1.41001e-05
 5.54909e-07   1.6804e-07 -2.22965e-05 -0.000559323 -2.23302e-06    0.0624909  1.02371e-06  4.98952e-06  0.000318384  8.38409e-05
 2.54755e-06 -1.03379e-07 -2.03535e-06  0.000200756  1.86282e-07  1.02371e-06    0.0933013 -3.41665e-05 -5.25895e-06 -5.42065e-05
 1.71256e-05 -4.97574e-07 -1.80069e-05   0.00100555  9.76905e-07  4.98952e-06 -3.41665e-05    0.0930998   2.3074e-05 -0.000243106
 0.000487218 -8.33956e-06   0.00139319    0.0333042  7.15729e-05  0.000318384 -5.25895e-06   2.3074e-05    0.0321444  -0.00316538
-2.54597e-05 -6.83894e-06  0.000229225    0.0113962  1.41001e-05  8.38409e-05 -5.42065e-05 -0.000243106  -0.00316538    0.0529924
* row and column names
mfgw_rest
mfgw_upland
mk_rest_l1
mk_rest_l2
mk_ring_l1
mk_ring_l2
mk_upland_l1
mk_upland_l2
mr_rest
mr_upland
