    10    10     1
   0.0624658  1.72725e-08 -1.31139e-05 -0.000676922 -1.21114e-07 -9.12382e-07  4.68918e-07  4.52889e-06  0.000423244  -2.3868e-06
 1.72725e-08       0.0625   1.7491e-07 -4.96163e-06 -5.40176e-08 -7.92766e-08  1.03164e-07   2.0827e-07  1.72966e-06  1.01442e-06
-1.31139e-05   1.7491e-07     0.105749 -0.000878245 -1.36265e-06 -1.01671e-05 -3.20396e-06 -1.11814e-05  0.000624101 -1.26221e-05
-0.000676922 -4.96163e-06 -0.000878245     0.046051 -0.000185668 -0.000710964  8.79206e-05  0.000263836    0.0372713   0.00127841
-1.21114e-07 -5.40176e-08 -1.36265e-06 -0.000185668     0.105791 -3.54575e-06  8.24094e-07  2.02632e-06  0.000104804  9.09308e-06
-9.12382e-07 -7.92766e-08 -1.01671e-05 -0.000710964 -3.54575e-06    0.0624861  1.43319e-06  4.13786e-06  0.000422644  1.86799e-05
 4.68918e-07  1.03164e-07 -3.20396e-06  8.79206e-05  8.24094e-07  1.43319e-06    0.0933054 -5.19952e-06 -2.90687e-05 -1.37317e-05
 4.52889e-06   2.0827e-07 -1.11814e-05  0.000263836  2.02632e-06  4.13786e-06 -5.19952e-06    0.0932826 -7.73682e-05  -2.9722e-05
 0.000423244  1.72966e-06  0.000624101    0.0372713  0.000104804  0.000422644 -2.90687e-05 -7.73682e-05    0.0328073 -0.000640431
 -2.3868e-06  1.01442e-06 -1.26221e-05   0.00127841  9.09308e-06  1.86799e-05 -1.37317e-05  -2.9722e-05 -0.000640431    0.0567634
* row and column names
mfgw_rest
mfgw_upland
mk_rest_l1
mk_rest_l2
mk_ring_l1
mk_ring_l2
mk_upland_l1
mk_upland_l2
mr_rest
mr_upland
