    10    10     1
   0.0624658   1.7279e-08 -1.31103e-05 -0.000677279 -1.21403e-07 -9.16487e-07  4.72046e-07  4.55306e-06  0.000423304 -2.41816e-06
  1.7279e-08       0.0625  1.74838e-07 -4.96286e-06   -5.404e-08 -7.93956e-08  1.03166e-07   2.0832e-07  1.72989e-06  1.01419e-06
-1.31103e-05  1.74838e-07     0.105749 -0.000877834 -1.35716e-06 -1.01432e-05 -3.20489e-06 -1.11959e-05  0.000623997 -1.25995e-05
-0.000677279 -4.96286e-06 -0.000877834    0.0460447 -0.000185699 -0.000711062  8.79787e-05  0.000264233    0.0372727   0.00127847
-1.21403e-07   -5.404e-08 -1.35716e-06 -0.000185699     0.105791 -3.54501e-06  8.24453e-07  2.02814e-06  0.000104812  9.09979e-06
-9.16487e-07 -7.93956e-08 -1.01432e-05 -0.000711062 -3.54501e-06    0.0624861  1.43499e-06  4.14586e-06  0.000422666  1.87128e-05
 4.72046e-07  1.03166e-07 -3.20489e-06  8.79787e-05  8.24453e-07  1.43499e-06    0.0933054 -5.20369e-06 -2.90784e-05 -1.37276e-05
 4.55306e-06   2.0832e-07 -1.11959e-05  0.000264233  2.02814e-06  4.14586e-06 -5.20369e-06    0.0932826 -7.74401e-05 -2.97064e-05
 0.000423304  1.72989e-06  0.000623997    0.0372727  0.000104812  0.000422666 -2.90784e-05 -7.74401e-05     0.032807 -0.000640466
-2.41816e-06  1.01419e-06 -1.25995e-05   0.00127847  9.09979e-06  1.87128e-05 -1.37276e-05 -2.97064e-05 -0.000640466    0.0567635
* row and column names
mfgw_rest
mfgw_upland
mk_rest_l1
mk_rest_l2
mk_ring_l1
mk_ring_l2
mk_upland_l1
mk_upland_l2
mr_rest
mr_upland
