    10    10     1
   0.0624755  9.97872e-08 -1.17769e-05 -0.000650148 -9.13597e-07 -2.18955e-06   1.2469e-06  5.88863e-06  0.000395107  7.37927e-06
 9.97872e-08       0.0625 -1.95848e-07  5.72188e-06  5.83779e-08   3.4062e-08 -7.63209e-08 -2.05091e-07 -2.24231e-06  -9.4484e-07
-1.17769e-05 -1.95848e-07     0.105743  -0.00100291 -1.71661e-06 -1.25425e-05 -2.79424e-06 -1.11031e-05  0.000705426 -9.76568e-06
-0.000650148  5.72188e-06  -0.00100291    0.0459801  -0.00021166 -0.000683519  7.84924e-05  0.000280173    0.0371454   0.00146408
-9.13597e-07  5.83779e-08 -1.71661e-06  -0.00021166     0.105791 -3.43885e-06  7.79198e-07  2.32044e-06  0.000118885  1.19324e-05
-2.18955e-06   3.4062e-08 -1.25425e-05 -0.000683519 -3.43885e-06    0.0624875  8.69068e-07  3.39256e-06  0.000411985  1.66822e-05
  1.2469e-06 -7.63209e-08 -2.79424e-06  7.84924e-05  7.79198e-07  8.69068e-07     0.093306 -4.30494e-06 -2.71376e-05 -1.06264e-05
 5.88863e-06 -2.05091e-07 -1.11031e-05  0.000280173  2.32044e-06  3.39256e-06 -4.30494e-06    0.0932842 -8.98399e-05  -2.7022e-05
 0.000395107 -2.24231e-06  0.000705426    0.0371454  0.000118885  0.000411985 -2.71376e-05 -8.98399e-05    0.0330428  -0.00074039
 7.37927e-06  -9.4484e-07 -9.76568e-06   0.00146408  1.19324e-05  1.66822e-05 -1.06264e-05  -2.7022e-05  -0.00074039    0.0567473
* row and column names
mfgw_rest
mfgw_upland
mk_rest_l1
mk_rest_l2
mk_ring_l1
mk_ring_l2
mk_upland_l1
mk_upland_l2
mr_rest
mr_upland
