------------------------------------------------------------------------------
OPTIMISATION ITERATION NO.        : 1

CURRENT VALUE OF MARQUARDT LAMBDA = 0 --------->

FROZEN PARAMETERS-


SINGULAR VALUES IN SOLUTION:-
        644.488        5.22491        1.66645       0.668519       0.479702       0.147576
TRUNCATED SINGULAR VALUES:-
        0.00000        0.00000


MATRIX OF EIGENVECTORS IN SOLUTION:-
       0.148605      -0.274920   -6.29853e-09      -0.461234       0.429597       0.704205   -0.000389818
     -0.0956076

     -0.0558243       0.512610   -3.59952e-10      -0.209288       0.597378      -0.216946     0.00258380
       0.535145

      -0.716447      -0.529427   -4.77111e-09       0.144037      0.0782263      0.0482735     0.00216561
       0.420963

      -0.676053       0.494479   -1.06315e-09      -0.204674     -0.0749939       0.184154    -0.00255024
      -0.465842

     -0.0327625      -0.135018    1.13138e-08       0.501523       0.666012      -0.191357    -0.00290695
      -0.498972

     -0.0581702      -0.344409   -2.79313e-08      -0.655209      0.0571864      -0.619814    -0.00112110
      -0.247507


Number of singular values used in solution = 6


CURRENT VALUE OF MARQUARDT LAMBDA = 0.100000 --------->

FROZEN PARAMETERS-


SINGULAR VALUES IN SOLUTION:-
        656.949        50.3692        26.7802        7.82146        2.19453       0.267635     0.00597852
TRUNCATED SINGULAR VALUES:-
        0.00000


MATRIX OF EIGENVECTORS IN SOLUTION:-
       0.151803      -0.269490   -6.17422e-09      -0.452214       0.462885       0.690395   -0.000381708
     -0.0944763

      -0.162371       0.162236    2.94844e-09       0.203897       0.881730      -0.345820    0.000362020
      0.0932837

      -0.974823     -0.0827953   -1.64233e-09     -0.0981912     -0.0747067       0.165025   -5.88377e-05
     -0.0202500

     0.00723797      0.0879585   -2.10872e-09      -0.179044     -0.0454925      0.0794717     0.00123318
       0.975586

      0.0161052      -0.851001    1.11783e-09       0.496236      0.0251670    -0.00440258    -0.00130847
       0.169212

    0.000968323      -0.402815   -2.11127e-08      -0.682617    -0.00230253      -0.608429     0.00444173
     -0.0395169

   -6.72167e-05   -0.000400750    1.73266e-08    -0.00364994    4.76554e-05    -0.00299718      -0.999988
    0.000877173


Number of singular values used in solution = 7


CURRENT VALUE OF MARQUARDT LAMBDA = 0.100000 --------->

FROZEN PARAMETERS-


SINGULAR VALUES IN SOLUTION:-
        656.949        50.3692        26.7802        7.82146        2.19453       0.267635     0.00597852
TRUNCATED SINGULAR VALUES:-
        0.00000


MATRIX OF EIGENVECTORS IN SOLUTION:-
       0.151803      -0.269490   -6.17422e-09      -0.452214       0.462885       0.690395   -0.000381708
     -0.0944763

      -0.162371       0.162236    2.94844e-09       0.203897       0.881730      -0.345820    0.000362020
      0.0932837

      -0.974823     -0.0827953   -1.64233e-09     -0.0981912     -0.0747067       0.165025   -5.88377e-05
     -0.0202500

     0.00723797      0.0879585   -2.10872e-09      -0.179044     -0.0454925      0.0794717     0.00123318
       0.975586

      0.0161052      -0.851001    1.11783e-09       0.496236      0.0251670    -0.00440258    -0.00130847
       0.169212

    0.000968323      -0.402815   -2.11127e-08      -0.682617    -0.00230253      -0.608429     0.00444173
     -0.0395169

   -6.72167e-05   -0.000400750    1.73266e-08    -0.00364994    4.76554e-05    -0.00299718      -0.999988
    0.000877173


Number of singular values used in solution = 7


CURRENT VALUE OF MARQUARDT LAMBDA = 1.00000 --------->

FROZEN PARAMETERS-


SINGULAR VALUES IN SOLUTION:-
        888.327        369.892        247.200        59.7781        3.67813       0.874126      0.0595525
TRUNCATED SINGULAR VALUES:-
        0.00000


MATRIX OF EIGENVECTORS IN SOLUTION:-
       0.133914      -0.173431   -3.98547e-09      -0.292303       0.814790       0.445643   -0.000242255
     -0.0637765

      -0.421278       0.222425    4.98242e-09       0.364811       0.561940      -0.561350    0.000329866
      0.0952592

      -0.896978      -0.131795   -2.93878e-09      -0.213779      -0.142224       0.329611   -0.000183955
     -0.0590549

    -0.00436316     -0.0277096   -1.02625e-09     -0.0786279     -0.0101086      0.0993303    0.000107212
       0.991495

     0.00158645      -0.909520    1.15339e-09       0.404908     0.00323537     -0.0924773    -0.00115349
      0.0159963

   -0.000119003      -0.274014   -8.64582e-09      -0.752085   -0.000869817      -0.599352     0.00261304
    -0.00726527

   -9.01165e-06    0.000469777    1.59737e-08    -0.00221025    7.05199e-06    -0.00180258      -0.999996
    0.000126601


Number of singular values used in solution = 7


CURRENT VALUE OF MARQUARDT LAMBDA = 1.00000 --------->

FROZEN PARAMETERS-


SINGULAR VALUES IN SOLUTION:-
        888.327        369.892        247.200        59.7781        3.67813       0.874126      0.0595525
TRUNCATED SINGULAR VALUES:-
        0.00000


MATRIX OF EIGENVECTORS IN SOLUTION:-
       0.133914      -0.173431   -3.98547e-09      -0.292303       0.814790       0.445643   -0.000242255
     -0.0637765

      -0.421278       0.222425    4.98242e-09       0.364811       0.561940      -0.561350    0.000329866
      0.0952592

      -0.896978      -0.131795   -2.93878e-09      -0.213779      -0.142224       0.329611   -0.000183955
     -0.0590549

    -0.00436316     -0.0277096   -1.02625e-09     -0.0786279     -0.0101086      0.0993303    0.000107212
       0.991495

     0.00158645      -0.909520    1.15339e-09       0.404908     0.00323537     -0.0924773    -0.00115349
      0.0159963

   -0.000119003      -0.274014   -8.64582e-09      -0.752085   -0.000869817      -0.599352     0.00261304
    -0.00726527

   -9.01165e-06    0.000469777    1.59737e-08    -0.00221025    7.05199e-06    -0.00180258      -0.999996
    0.000126601


Number of singular values used in solution = 7


CURRENT VALUE OF MARQUARDT LAMBDA = 10.0000 --------->

FROZEN PARAMETERS-


SINGULAR VALUES IN SOLUTION:-
        6037.78        2668.62        618.278        475.428        18.0506        5.26787       0.595190
TRUNCATED SINGULAR VALUES:-
        0.00000


MATRIX OF EIGENVECTORS IN SOLUTION:-
      0.0132473     -0.0136222   -3.20905e-10     -0.0232737       0.998911      0.0353266   -1.83799e-05
    -0.00503908

      -0.999162      0.0116792    2.71054e-10      0.0196255      0.0149556     -0.0300025    1.74623e-05
     0.00544297

      0.0207620       0.130840    2.85267e-09       0.210323      0.0225473      -0.326275    0.000194664
       0.911729

     -0.0326851      -0.289000   -6.28738e-09      -0.469377     -0.0379953       0.724540   -0.000390411
       0.410724

    0.000331631      -0.948121    5.74785e-10       0.181661    0.000528873      -0.260891   -0.000129574
    0.000771859

   -0.000177536     -0.0101736   -4.09227e-09      -0.837569   -0.000337218      -0.546236    0.000526135
   -0.000790450

   -1.02526e-06    0.000256253    1.56008e-08   -0.000239250    8.78235e-07   -0.000601145       -1.00000
    1.68012e-05


Number of singular values used in solution = 7


CURRENT VALUE OF MARQUARDT LAMBDA = 10.0000 --------->

FROZEN PARAMETERS-


SINGULAR VALUES IN SOLUTION:-
        6037.78        2668.62        618.278        475.428        18.0506        5.26787       0.595190
TRUNCATED SINGULAR VALUES:-
        0.00000


MATRIX OF EIGENVECTORS IN SOLUTION:-
      0.0132473     -0.0136222   -3.20905e-10     -0.0232737       0.998911      0.0353266   -1.83799e-05
    -0.00503908

      -0.999162      0.0116792    2.71054e-10      0.0196255      0.0149556     -0.0300025    1.74623e-05
     0.00544297

      0.0207620       0.130840    2.85267e-09       0.210323      0.0225473      -0.326275    0.000194664
       0.911729

     -0.0326851      -0.289000   -6.28738e-09      -0.469377     -0.0379953       0.724540   -0.000390411
       0.410724

    0.000331631      -0.948121    5.74785e-10       0.181661    0.000528873      -0.260891   -0.000129574
    0.000771859

   -0.000177536     -0.0101736   -4.09227e-09      -0.837569   -0.000337218      -0.546236    0.000526135
   -0.000790450

   -1.02526e-06    0.000256253    1.56008e-08   -0.000239250    8.78235e-07   -0.000601145       -1.00000
    1.68012e-05


Number of singular values used in solution = 7


CURRENT VALUE OF MARQUARDT LAMBDA = 100.000 --------->

FROZEN PARAMETERS-


SINGULAR VALUES IN SOLUTION:-
        59174.1        26521.3        5872.72        584.045        162.385        45.4849        5.95146
TRUNCATED SINGULAR VALUES:-
        0.00000


MATRIX OF EIGENVECTORS IN SOLUTION:-
     0.00126350    -0.00127717   -3.46026e-11    -0.00218684       0.999990     0.00331700   -1.71368e-06
   -0.000471378

      -0.999994     0.00100542    2.92873e-11     0.00169496     0.00127730    -0.00258917    1.51176e-06
    0.000471794

    0.000506182     0.00341666    9.03738e-11     0.00522840    0.000514003    -0.00828714    6.23074e-06
       0.999946

    -0.00324184      -0.380573   -5.44356e-09      -0.472039    -0.00414679       0.795115   -0.000386405
      0.0103619

    0.000239615      -0.923480    5.73874e-10       0.149100    0.000318572      -0.353487    7.97134e-05
   -0.000554046

   -0.000148546      0.0483128   -2.91579e-09      -0.868858   -0.000203745      -0.492699   -0.000161468
    0.000294798

   -2.15013e-07    6.56655e-05    1.55537e-08    0.000334615   -4.78930e-08   -0.000255920       -1.00000
    2.13629e-06


Number of singular values used in solution = 7


CURRENT VALUE OF MARQUARDT LAMBDA = 100.000 --------->

FROZEN PARAMETERS-


SINGULAR VALUES IN SOLUTION:-
        59174.1        26521.3        5872.72        584.045        162.385        45.4849        5.95146
TRUNCATED SINGULAR VALUES:-
        0.00000


MATRIX OF EIGENVECTORS IN SOLUTION:-
     0.00126350    -0.00127717   -3.46026e-11    -0.00218684       0.999990     0.00331700   -1.71368e-06
   -0.000471378

      -0.999994     0.00100542    2.92873e-11     0.00169496     0.00127730    -0.00258917    1.51176e-06
    0.000471794

    0.000506182     0.00341666    9.03738e-11     0.00522840    0.000514003    -0.00828714    6.23074e-06
       0.999946

    -0.00324184      -0.380573   -5.44356e-09      -0.472039    -0.00414679       0.795115   -0.000386405
      0.0103619

    0.000239615      -0.923480    5.73874e-10       0.149100    0.000318572      -0.353487    7.97134e-05
   -0.000554046

   -0.000148546      0.0483128   -2.91579e-09      -0.868858   -0.000203745      -0.492699   -0.000161468
    0.000294798

   -2.15013e-07    6.56655e-05    1.55537e-08    0.000334615   -4.78930e-08   -0.000255920       -1.00000
    2.13629e-06


Number of singular values used in solution = 7


CURRENT VALUE OF MARQUARDT LAMBDA = 1000.00 --------->

FROZEN PARAMETERS-


SINGULAR VALUES IN SOLUTION:-
        590641.        265072.        58650.1        1811.41        1163.76        387.986        59.5141
TRUNCATED SINGULAR VALUES:-
        0.00000


MATRIX OF EIGENVECTORS IN SOLUTION:-
    0.000125734   -0.000126888   -7.87460e-12   -0.000217314        1.00000    0.000329597   -1.70158e-07
   -4.68200e-05

       -1.00000    9.91396e-05    8.73109e-12    0.000167186    0.000125869   -0.000255368    1.49152e-07
    4.65523e-05

    4.68661e-05    0.000316901    2.63926e-11    0.000482481    4.72118e-05   -0.000766480    5.88912e-07
        1.00000

   -0.000164960      -0.973757   -5.19779e-10     -0.0898477   -0.000211958       0.209103   -6.80688e-05
    0.000512226

   -0.000259893       0.225263    8.42849e-10      -0.249477   -0.000335983       0.941816   -0.000163747
    0.000770893

   -9.07817e-05      0.0324538    9.39695e-10      -0.964203   -0.000118653      -0.263170   -0.000181428
    0.000253221

   -7.88905e-08    2.35085e-05    1.55722e-08    0.000221901   -7.91407e-08   -0.000120707       -1.00000
    3.81887e-07


Number of singular values used in solution = 7


CURRENT VALUE OF MARQUARDT LAMBDA = 1000.00 --------->

FROZEN PARAMETERS-


SINGULAR VALUES IN SOLUTION:-
        590641.        265072.        58650.1        1811.41        1163.76        387.986        59.5141
TRUNCATED SINGULAR VALUES:-
        0.00000


MATRIX OF EIGENVECTORS IN SOLUTION:-
    0.000125734   -0.000126888   -7.87460e-12   -0.000217314        1.00000    0.000329597   -1.70158e-07
   -4.68200e-05

       -1.00000    9.91396e-05    8.73109e-12    0.000167186    0.000125869   -0.000255368    1.49152e-07
    4.65523e-05

    4.68661e-05    0.000316901    2.63926e-11    0.000482481    4.72118e-05   -0.000766480    5.88912e-07
        1.00000

   -0.000164960      -0.973757   -5.19779e-10     -0.0898477   -0.000211958       0.209103   -6.80688e-05
    0.000512226

   -0.000259893       0.225263    8.42849e-10      -0.249477   -0.000335983       0.941816   -0.000163747
    0.000770893

   -9.07817e-05      0.0324538    9.39695e-10      -0.964203   -0.000118653      -0.263170   -0.000181428
    0.000253221

   -7.88905e-08    2.35085e-05    1.55722e-08    0.000221901   -7.91407e-08   -0.000120707       -1.00000
    3.81887e-07


Number of singular values used in solution = 7


------------------------------------------------------------------------------
OPTIMISATION ITERATION NO.        : 2

CURRENT VALUE OF MARQUARDT LAMBDA = 0.00000 --------->

FROZEN PARAMETERS-


SINGULAR VALUES IN SOLUTION:-
        1578.35        6.47593        1.30351       0.680128       0.485404       0.169848
TRUNCATED SINGULAR VALUES:-
        0.00000        0.00000


MATRIX OF EIGENVECTORS IN SOLUTION:-
      0.0902303      -0.106853   -4.35170e-10      -0.638738      0.0800489       0.749104   -0.000971250
     -0.0699225

     -0.0609899       0.426202    1.25018e-09      -0.140366       0.513445     -0.0384636     0.00733763
       0.727853

      -0.886496      -0.432815   -3.26359e-09     -0.0403201      0.0248714      0.0224738    -0.00264025
       0.155050

      0.0470313      -0.222239   -2.44580e-09       0.131432       0.853767     -0.0581547    -0.00392955
      -0.445880

      -0.434397       0.737995    4.50739e-09       0.161641    -0.00922796       0.257459     0.00480889
      -0.417302

      -0.106539       0.159659    2.09649e-09      -0.726138     -0.0185684      -0.605961     0.00359241
      -0.261412


Number of singular values used in solution = 6


CURRENT VALUE OF MARQUARDT LAMBDA = 0.100000 --------->

FROZEN PARAMETERS-
MR_UPLAND = 0.200000


SINGULAR VALUES IN SOLUTION:-
        1501.95        57.6182        42.4646        32.6046       0.795701       0.536867
TRUNCATED SINGULAR VALUES:-
        0.00000


MATRIX OF EIGENVECTORS IN SOLUTION:-
     -0.0893282    1.21886e-09       0.647415     -0.0790778      -0.750855     0.00339952      0.0531619

    -0.00369849    1.53622e-10     -0.0380679      0.0675559      0.0310618     0.00141147       0.996497

      -0.995189   -2.18027e-10     -0.0563870      0.0468335      0.0640641   -0.000126046     -0.0110195

     -0.0400637   -3.26933e-10     -0.0482440      -0.993408      0.0722487    -0.00233302      0.0631060

    0.000125376   -7.14749e-10     -0.0596118    -0.00297937     -0.0467300       0.997121    -0.00203056

   -0.000462730   -9.32870e-09       0.755211      0.0109970       0.650957      0.0757051     0.00770493


Number of singular values used in solution = 6


CURRENT VALUE OF MARQUARDT LAMBDA = 0.100000 --------->

FROZEN PARAMETERS-
MR_UPLAND = 0.200000
MR_REST = 1.80000


SINGULAR VALUES IN SOLUTION:-
        60.6509        39.6756        34.5064        1.68317       0.718556
TRUNCATED SINGULAR VALUES:-
        0.00000


MATRIX OF EIGENVECTORS IN SOLUTION:-
      -0.823018    6.27332e-09      -0.441556     -0.0845801      0.0149961       0.346829

      -0.357105   -1.33357e-09     -0.0671215     0.00441664    -0.00334338      -0.931633

      -0.438247   -2.76083e-09       0.892267      0.0316844    -0.00272645       0.103859

     -0.0172897   -7.86947e-09     -0.0177091       0.134677      -0.990507      0.0120963

     -0.0525152   -5.87032e-08     -0.0637812       0.986755       0.136577      0.0289127


Number of singular values used in solution = 5


CURRENT VALUE OF MARQUARDT LAMBDA = 1.00000 --------->

FROZEN PARAMETERS-
MR_UPLAND = 0.200000


SINGULAR VALUES IN SOLUTION:-
        1512.60        557.130        414.287        309.273        7.90253        2.77398
TRUNCATED SINGULAR VALUES:-
        0.00000


MATRIX OF EIGENVECTORS IN SOLUTION:-
      -0.119006    1.21160e-09       0.642814     -0.0965886      -0.746202     0.00338845      0.0804329

      0.0247087   -4.57254e-11     -0.0505255      0.0193815      0.0574455   -0.000108100       0.996575

      -0.992229   -1.46731e-10     -0.0765375      0.0387422      0.0888932   -0.000385900      0.0148430

     -0.0266171   -1.78967e-10     -0.0653560      -0.994380      0.0779684   -0.000583451      0.0121908

    7.17700e-06   -2.08183e-09    -0.00498676   -0.000240814    0.000258387       0.999987   -0.000154743

    8.55756e-05   -1.12453e-08       0.757682     0.00137666       0.652612     0.00361025    0.000766883


Number of singular values used in solution = 6


CURRENT VALUE OF MARQUARDT LAMBDA = 1.00000 --------->

FROZEN PARAMETERS-
MR_UPLAND = 0.200000
MR_REST = 1.80000


SINGULAR VALUES IN SOLUTION:-
        421.133        384.155        301.186        16.3807        1.12994
TRUNCATED SINGULAR VALUES:-
        0.00000


MATRIX OF EIGENVECTORS IN SOLUTION:-
      -0.982921    3.20383e-10     -0.0836554    -0.00985579     0.00181047       0.163606

       0.166183    8.07111e-10     -0.0242562    -0.00327075    0.000848390       0.985791

      0.0785871    1.10937e-09      -0.996146    -0.00937873     0.00136239     -0.0377913

    -0.00163961    1.83488e-09    -0.00166098      0.0128396      -0.999914     0.00113868

    -0.00838734    4.56479e-08     -0.0102269       0.999820      0.0128742     0.00446849


Number of singular values used in solution = 5


CURRENT VALUE OF MARQUARDT LAMBDA = 10.0000 --------->

FROZEN PARAMETERS-
MR_UPLAND = 0.200000


SINGULAR VALUES IN SOLUTION:-
        5581.23        4193.80        3116.86        1488.06        78.9824        25.0283
TRUNCATED SINGULAR VALUES:-
        0.00000


MATRIX OF EIGENVECTORS IN SOLUTION:-
     0.00677454   -5.47949e-11     -0.0123169     0.00273315      0.0144515   -8.11344e-05      -0.999793

      -0.998697    6.55837e-11      0.0315312     -0.0142388     -0.0367071    0.000168730    -0.00772509

      0.0176282    5.05845e-11      0.0454822      -0.997404     -0.0528206    0.000219774    -0.00393101

     -0.0474068   -1.23137e-09      -0.646676     -0.0705308       0.757784    -0.00354330      0.0184063

   -2.77886e-06   -2.19078e-09    -0.00224395   -2.80583e-05     0.00275846       0.999994   -1.37299e-05

    0.000151057   -1.16458e-08       0.760651    0.000310462       0.649161   -8.38123e-05    1.43409e-05


Number of singular values used in solution = 6


CURRENT VALUE OF MARQUARDT LAMBDA = 10.0000 --------->

FROZEN PARAMETERS-
MR_UPLAND = 0.200000
MR_REST = 1.80000


SINGULAR VALUES IN SOLUTION:-
        4085.22        3814.05        2927.58        163.392        1.23862
TRUNCATED SINGULAR VALUES:-
        0.00000


MATRIX OF EIGENVECTORS IN SOLUTION:-
      -0.999743   -4.51349e-10    -0.00827478   -0.000906610    0.000165419      0.0210834

      0.0211163    4.75479e-10    -0.00384863   -0.000456527    0.000109635       0.999770

     0.00819272    4.83679e-10      -0.999958    -0.00107386    0.000161608    -0.00402291

   -0.000162870    2.75103e-09   -0.000164774     0.00127581      -0.999999    0.000113049

   -0.000887733    1.04937e-06    -0.00108286       0.999998     0.00127619    0.000471072


Number of singular values used in solution = 5


CURRENT VALUE OF MARQUARDT LAMBDA = 100.000 --------->

FROZEN PARAMETERS-
MR_UPLAND = 0.200000


SINGULAR VALUES IN SOLUTION:-
        55744.6        41763.8        30991.9        1749.60        789.779        244.214
TRUNCATED SINGULAR VALUES:-
        0.00000


MATRIX OF EIGENVECTORS IN SOLUTION:-
   -0.000511134    3.15933e-11    0.000915362   -0.000188631    -0.00107735    6.43963e-06       0.999999

      -0.999994    1.18446e-11     0.00210604   -0.000954671    -0.00245237    1.13350e-05   -0.000515881

    0.000967500   -2.83746e-11     0.00257370      -0.999992    -0.00298104    1.14001e-05   -0.000193703

    -0.00322580   -1.33772e-09      -0.614320    -0.00393667       0.789022    -0.00526551     0.00141002

   -5.59242e-06   -2.20457e-09    -0.00289937   -9.23181e-06     0.00441590       0.999986    9.67295e-07

    0.000155018   -1.17716e-08       0.789045    0.000199566       0.614336   -0.000425118   -6.02869e-05


Number of singular values used in solution = 6


CURRENT VALUE OF MARQUARDT LAMBDA = 100.000 --------->

FROZEN PARAMETERS-
MR_UPLAND = 0.200000
MR_REST = 1.80000


SINGULAR VALUES IN SOLUTION:-
        40741.9        38105.5        29184.0        1633.51        1.67230
TRUNCATED SINGULAR VALUES:-
        0.00000


MATRIX OF EIGENVECTORS IN SOLUTION:-
      -0.999997   -5.23344e-10   -0.000822805   -8.94841e-05    1.63025e-05     0.00215756

     0.00215789    4.29268e-10   -0.000402504   -4.72150e-05    1.12620e-05       0.999998

    0.000821944    4.10768e-10       -1.00000   -0.000108831    1.64322e-05   -0.000404284

   -1.62760e-05    2.84197e-09   -1.64641e-05    0.000127498       -1.00000    1.12966e-05

   -8.92905e-05    8.27069e-06   -0.000108921        1.00000    0.000127502    4.73625e-05


Number of singular values used in solution = 5


CURRENT VALUE OF MARQUARDT LAMBDA = 1000.00 --------->

FROZEN PARAMETERS-
MR_UPLAND = 0.200000


SINGULAR VALUES IN SOLUTION:-
        557392.        417523.        309816.        7897.86        4462.29        2192.03
TRUNCATED SINGULAR VALUES:-
        0.00000


MATRIX OF EIGENVECTORS IN SOLUTION:-
    4.99011e-05   -2.98628e-11   -8.92372e-05    1.82470e-05    0.000105062   -6.31796e-07       -1.00000

       -1.00000    8.40876e-12    0.000203788   -9.23759e-05   -0.000237306    1.09745e-06   -4.99459e-05

    9.24948e-05   -3.25566e-11    0.000246576       -1.00000   -0.000285524    1.08219e-06   -1.82944e-05

    1.53559e-06   -2.19363e-09    0.000764497    1.61069e-06    -0.00119023       0.999999   -8.24958e-07

   -0.000292698   -3.57062e-09      -0.342284   -0.000352704       0.939595     0.00138001    0.000129238

    0.000110242   -1.18218e-08       0.939596    0.000133962       0.342285   -0.000310922   -4.78776e-05


Number of singular values used in solution = 6


CURRENT VALUE OF MARQUARDT LAMBDA = 1000.00 --------->

FROZEN PARAMETERS-
MR_UPLAND = 0.200000
MR_REST = 1.80000


SINGULAR VALUES IN SOLUTION:-
        407310.        381019.        291747.        16334.7        5.93977
TRUNCATED SINGULAR VALUES:-
    4.40413e-05


MATRIX OF EIGENVECTORS IN SOLUTION:-
       -1.00000    1.36742e-07   -8.22290e-05   -8.93619e-06    1.62775e-06    0.000216244

    0.000216247   -7.03294e-07   -4.04300e-05   -4.73734e-06    1.12923e-06        1.00000

    8.22204e-05    3.37816e-07       -1.00000   -1.08976e-05    1.64595e-06   -4.04479e-05

   -1.62749e-06    1.21832e-07   -1.64627e-06    1.27490e-05       -1.00000    1.12958e-06

   -8.93425e-06   -1.56240e-08   -1.08985e-05        1.00000    1.27490e-05    4.73881e-06


Number of singular values used in solution = 5


------------------------------------------------------------------------------
OPTIMISATION ITERATION NO.        : 3

CURRENT VALUE OF MARQUARDT LAMBDA = 0.00000 --------->

FROZEN PARAMETERS-


SINGULAR VALUES IN SOLUTION:-
        1594.61        3.86990        1.15782       0.736601       0.539499       0.206263
TRUNCATED SINGULAR VALUES:-
        0.00000        0.00000


MATRIX OF EIGENVECTORS IN SOLUTION:-
      0.0899867     -0.0805015    2.74823e-09      -0.653986      0.0447816       0.744464   -3.52613e-05
     -0.0386253

      -0.104380       0.455703   -1.54413e-08      -0.132342       0.627689     -0.0607228    0.000449964
       0.605181

       0.880600       0.421690   -1.41996e-08      0.0419988      0.0425934     -0.0371141    5.97658e-05
      -0.204368

      -0.259961       0.120808   -5.95583e-09      0.0982331       0.603913      0.0563166   -0.000130479
      -0.735047

      -0.368651       0.769782   -2.67737e-08   -0.000171801      -0.482348       0.150026    0.000287544
      -0.127928

     -0.0454806      0.0295515   -3.51984e-09      -0.737139     -0.0694039      -0.644227    0.000175812
      -0.183951


Number of singular values used in solution = 6


CURRENT VALUE OF MARQUARDT LAMBDA = 0.0100000 --------->

FROZEN PARAMETERS-
MFGW_REST = 1.66667
MR_UPLAND = 0.200000
MK_REST_L1 = 0.111111
MK_UPLAND_L2 = 0.300000


SINGULAR VALUES IN SOLUTION:-
        1405.12        161.925       0.278767     0.00241675
TRUNCATED SINGULAR VALUES:-


MATRIX OF EIGENVECTORS IN SOLUTION:-
    2.16251e-05      -0.663660       0.746121     -0.0534651

   -6.94171e-07     -0.0370444      0.0386045       0.998568

   -0.000176758      -0.747116      -0.664690    -0.00201937

        1.00000   -0.000117733   -0.000133598    1.49247e-06


Number of singular values used in solution = 4


CURRENT VALUE OF MARQUARDT LAMBDA = 0.0100000 --------->

FROZEN PARAMETERS-
MFGW_REST = 1.66667
MR_UPLAND = 0.200000
MK_REST_L1 = 0.111111
MK_UPLAND_L2 = 0.300000
MR_REST = 1.80000
MK_UPLAND_L1 = 0.300000


SINGULAR VALUES IN SOLUTION:-
        1.00003
TRUNCATED SINGULAR VALUES:-
        0.00000


MATRIX OF EIGENVECTORS IN SOLUTION:-
   -9.19334e-13       -1.00000


Number of singular values used in solution = 1


CURRENT VALUE OF MARQUARDT LAMBDA = 0.100000 --------->

FROZEN PARAMETERS-
MFGW_REST = 1.66667
MR_UPLAND = 0.200000
MK_REST_L1 = 0.111111
MK_UPLAND_L2 = 0.300000


SINGULAR VALUES IN SOLUTION:-
        1632.92        1382.71       0.471896      0.0241668
TRUNCATED SINGULAR VALUES:-


MATRIX OF EIGENVECTORS IN SOLUTION:-
    6.14985e-06      -0.183282       0.206352      -0.961159

    2.07413e-05      -0.638830       0.718138       0.275995

   -0.000108086      -0.747197      -0.664603   -0.000201874

        1.00000   -6.63844e-05   -8.79985e-05    1.64633e-07


Number of singular values used in solution = 4


CURRENT VALUE OF MARQUARDT LAMBDA = 0.100000 --------->

FROZEN PARAMETERS-
MFGW_REST = 1.66667
MR_UPLAND = 0.200000
MK_REST_L1 = 0.111111
MK_UPLAND_L2 = 0.300000
MR_REST = 1.80000
MK_UPLAND_L1 = 0.300000


SINGULAR VALUES IN SOLUTION:-
        1.00035
TRUNCATED SINGULAR VALUES:-
        0.00000


MATRIX OF EIGENVECTORS IN SOLUTION:-
   -9.19047e-13       -1.00000


Number of singular values used in solution = 1


CURRENT VALUE OF MARQUARDT LAMBDA = 1.00000 --------->

FROZEN PARAMETERS-
MFGW_REST = 1.66667
MR_UPLAND = 0.200000
MK_REST_L1 = 0.111111
MK_UPLAND_L2 = 0.300000


SINGULAR VALUES IN SOLUTION:-
        16098.0        1403.51        2.39712       0.241667
TRUNCATED SINGULAR VALUES:-


MATRIX OF EIGENVECTORS IN SOLUTION:-
    1.16419e-07    -0.00298672     0.00338855      -0.999990

    2.16127e-05      -0.664343       0.747414     0.00451691

   -1.78430e-05      -0.747422      -0.664350   -1.88423e-05

        1.00000    1.02237e-06   -2.80080e-05    1.84384e-08


Number of singular values used in solution = 4


CURRENT VALUE OF MARQUARDT LAMBDA = 1.00000 --------->

FROZEN PARAMETERS-
MFGW_REST = 1.66667
MR_UPLAND = 0.200000
MK_REST_L1 = 0.111111
MK_UPLAND_L2 = 0.300000
MR_REST = 1.80000
MK_UPLAND_L1 = 0.300000


SINGULAR VALUES IN SOLUTION:-
        1.00347
TRUNCATED SINGULAR VALUES:-
        0.00000


MATRIX OF EIGENVECTORS IN SOLUTION:-
   -9.16187e-13       -1.00000


Number of singular values used in solution = 1


CURRENT VALUE OF MARQUARDT LAMBDA = 10.0000 --------->

FROZEN PARAMETERS-
MFGW_REST = 1.66667
MR_UPLAND = 0.200000
MK_REST_L1 = 0.111111
MK_UPLAND_L2 = 0.300000


SINGULAR VALUES IN SOLUTION:-
        160936.        1424.13        21.6321        2.41667
TRUNCATED SINGULAR VALUES:-


MATRIX OF EIGENVECTORS IN SOLUTION:-
    1.08557e-08   -0.000275019    0.000312262       -1.00000

    2.13374e-05      -0.661887       0.749604    0.000416104

    3.19188e-06      -0.749604      -0.661887   -5.27395e-07

        1.00000    1.65156e-05   -1.38819e-05    1.99320e-09


Number of singular values used in solution = 4


CURRENT VALUE OF MARQUARDT LAMBDA = 10.0000 --------->

FROZEN PARAMETERS-
MFGW_REST = 1.66667
MR_UPLAND = 0.200000
MK_REST_L1 = 0.111111
MK_UPLAND_L2 = 0.300000
MR_REST = 1.80000
MK_UPLAND_L1 = 0.300000


SINGULAR VALUES IN SOLUTION:-
        1.03470
TRUNCATED SINGULAR VALUES:-
        0.00000


MATRIX OF EIGENVECTORS IN SOLUTION:-
   -8.88532e-13       -1.00000


Number of singular values used in solution = 1


CURRENT VALUE OF MARQUARDT LAMBDA = 100.000 --------->

FROZEN PARAMETERS-
MFGW_REST = 1.66667
MR_UPLAND = 0.200000
MK_REST_L1 = 0.111111
MK_UPLAND_L2 = 0.300000


SINGULAR VALUES IN SOLUTION:-
    1.60932e+06        1629.36        212.329        24.1667
TRUNCATED SINGULAR VALUES:-


MATRIX OF EIGENVECTORS IN SOLUTION:-
    1.03060e-09   -2.72856e-05    3.09831e-05       -1.00000

    1.88876e-05      -0.637136       0.770752    4.12649e-05

    5.57389e-06      -0.770752      -0.637136    1.28999e-06

        1.00000    1.63300e-05   -1.10063e-05    2.93387e-10


Number of singular values used in solution = 4


CURRENT VALUE OF MARQUARDT LAMBDA = 100.000 --------->

FROZEN PARAMETERS-
MFGW_REST = 1.66667
MR_UPLAND = 0.200000
MK_REST_L1 = 0.111111
MK_UPLAND_L2 = 0.300000
MR_REST = 1.80000
MK_UPLAND_L1 = 0.300000


SINGULAR VALUES IN SOLUTION:-
        1.34702
TRUNCATED SINGULAR VALUES:-
        0.00000


MATRIX OF EIGENVECTORS IN SOLUTION:-
   -6.82520e-13       -1.00000


Number of singular values used in solution = 1


CURRENT VALUE OF MARQUARDT LAMBDA = 1000.00 --------->

FROZEN PARAMETERS-
MFGW_REST = 1.66667
MR_UPLAND = 0.200000
MK_REST_L1 = 0.111111
MK_UPLAND_L2 = 0.300000


SINGULAR VALUES IN SOLUTION:-
    1.60931e+07        3817.79        1982.91        241.667
TRUNCATED SINGULAR VALUES:-


MATRIX OF EIGENVECTORS IN SOLUTION:-
    1.91143e-10   -2.72644e-06    3.09589e-06       -1.00000

    8.11697e-06      -0.417323       0.908758    3.95122e-06

    5.06299e-06      -0.908758      -0.417323    1.18566e-06

        1.00000    7.98843e-06   -5.26347e-06    6.98523e-11


Number of singular values used in solution = 4


CURRENT VALUE OF MARQUARDT LAMBDA = 1000.00 --------->

FROZEN PARAMETERS-
MFGW_REST = 1.66667
MR_UPLAND = 0.200000
MK_REST_L1 = 0.111111
MK_UPLAND_L2 = 0.300000
MR_REST = 1.80000
MK_UPLAND_L1 = 0.300000


SINGULAR VALUES IN SOLUTION:-
        4.47021
TRUNCATED SINGULAR VALUES:-
        0.00000


MATRIX OF EIGENVECTORS IN SOLUTION:-
   -2.05670e-13       -1.00000


Number of singular values used in solution = 1


------------------------------------------------------------------------------
OPTIMISATION ITERATION NO.        : 4

CURRENT VALUE OF MARQUARDT LAMBDA = 0.00000 --------->

FROZEN PARAMETERS-


SINGULAR VALUES IN SOLUTION:-
        1595.97        3.92075        1.15411       0.733491       0.540506       0.205833
TRUNCATED SINGULAR VALUES:-
        0.00000        0.00000


MATRIX OF EIGENVECTORS IN SOLUTION:-
      0.0901116     -0.0806449    1.88045e-08      -0.653959      0.0448647       0.744416   -2.91885e-05
     -0.0393216

      -0.106187       0.454274   -1.55077e-07      -0.132485       0.622810     -0.0595787    0.000416951
       0.611036

       0.883784       0.420612   -1.40285e-07      0.0409782      0.0386926     -0.0379634    3.21322e-05
      -0.193373

      -0.242767       0.112773   -7.72118e-08       0.100193       0.618769      0.0537832   -0.000142508
      -0.729753

      -0.372013       0.772271   -3.13266e-07     0.00428458      -0.470177       0.153206    0.000228834
      -0.143689

     -0.0469019      0.0331082   -1.09459e-07      -0.736918     -0.0682368      -0.643809    0.000174312
      -0.185766


Number of singular values used in solution = 6


CURRENT VALUE OF MARQUARDT LAMBDA = 0.0100000 --------->

FROZEN PARAMETERS-
MFGW_REST = 1.66667
MR_UPLAND = 0.200000
MK_REST_L1 = 0.111111
MK_UPLAND_L2 = 0.300000


SINGULAR VALUES IN SOLUTION:-
        1404.04        187.931       0.278542      0.0183447
TRUNCATED SINGULAR VALUES:-


MATRIX OF EIGENVECTORS IN SOLUTION:-
    6.04879e-05      -0.663890       0.746240     -0.0487426

   -3.69638e-06     -0.0337349      0.0352278       0.998810

   -0.000891783      -0.747069      -0.664744    -0.00178697

        1.00000   -0.000626191   -0.000637815    5.04672e-06


Number of singular values used in solution = 4


CURRENT VALUE OF MARQUARDT LAMBDA = 0.0100000 --------->

FROZEN PARAMETERS-
MFGW_REST = 1.66667
MR_UPLAND = 0.200000
MK_REST_L1 = 0.111111
MK_UPLAND_L2 = 0.300000
MR_REST = 1.80000
MK_UPLAND_L1 = 0.300000


SINGULAR VALUES IN SOLUTION:-
        1.00003
TRUNCATED SINGULAR VALUES:-
        0.00000


MATRIX OF EIGENVECTORS IN SOLUTION:-
   -9.49159e-13       -1.00000


Number of singular values used in solution = 1


CURRENT VALUE OF MARQUARDT LAMBDA = 0.100000 --------->

FROZEN PARAMETERS-
MFGW_REST = 1.66667
MR_UPLAND = 0.200000
MK_REST_L1 = 0.111111
MK_UPLAND_L2 = 0.300000


SINGULAR VALUES IN SOLUTION:-
        1880.31        1394.04       0.469679       0.183434
TRUNCATED SINGULAR VALUES:-


MATRIX OF EIGENVECTORS IN SOLUTION:-
    8.08382e-06     -0.0814092      0.0917766      -0.992446

    5.99476e-05      -0.659665       0.741479       0.122680

   -0.000808001      -0.747137      -0.664670   -0.000178655

        1.00000   -0.000563484   -0.000582245    5.24030e-07


Number of singular values used in solution = 4


CURRENT VALUE OF MARQUARDT LAMBDA = 0.100000 --------->

FROZEN PARAMETERS-
MFGW_REST = 1.66667
MR_UPLAND = 0.200000
MK_REST_L1 = 0.111111
MK_UPLAND_L2 = 0.300000
MR_REST = 1.80000
MK_UPLAND_L1 = 0.300000


SINGULAR VALUES IN SOLUTION:-
        1.00034
TRUNCATED SINGULAR VALUES:-
        0.00000


MATRIX OF EIGENVECTORS IN SOLUTION:-
   -9.48865e-13       -1.00000


Number of singular values used in solution = 1


CURRENT VALUE OF MARQUARDT LAMBDA = 1.00000 --------->

FROZEN PARAMETERS-
MFGW_REST = 1.66667
MR_UPLAND = 0.200000
MK_REST_L1 = 0.111111
MK_UPLAND_L2 = 0.300000


SINGULAR VALUES IN SOLUTION:-
        18695.0        1403.16        2.37553        1.83433
TRUNCATED SINGULAR VALUES:-


MATRIX OF EIGENVECTORS IN SOLUTION:-
    2.74075e-07    -0.00226237     0.00257012      -0.999994

    6.04958e-05      -0.664417       0.747354     0.00342396

   -0.000376682      -0.747358      -0.664421   -1.68433e-05

       -1.00000    0.000241321    0.000295488   -6.05861e-08


Number of singular values used in solution = 4


CURRENT VALUE OF MARQUARDT LAMBDA = 1.00000 --------->

FROZEN PARAMETERS-
MFGW_REST = 1.66667
MR_UPLAND = 0.200000
MK_REST_L1 = 0.111111
MK_UPLAND_L2 = 0.300000
MR_REST = 1.80000
MK_UPLAND_L1 = 0.300000


SINGULAR VALUES IN SOLUTION:-
        1.00344
TRUNCATED SINGULAR VALUES:-
        0.00000


MATRIX OF EIGENVECTORS IN SOLUTION:-
   -9.45941e-13       -1.00000


Number of singular values used in solution = 1


CURRENT VALUE OF MARQUARDT LAMBDA = 10.0000 --------->

FROZEN PARAMETERS-
MFGW_REST = 1.66667
MR_UPLAND = 0.200000
MK_REST_L1 = 0.111111
MK_UPLAND_L2 = 0.300000


SINGULAR VALUES IN SOLUTION:-
        186912.        1423.50        21.4172        18.3433
TRUNCATED SINGULAR VALUES:-


MATRIX OF EIGENVECTORS IN SOLUTION:-
    2.60036e-08   -0.000210812    0.000239673       -1.00000

    6.03424e-05      -0.661984       0.749518    0.000319193

    2.34671e-05      -0.749518      -0.661984   -6.53155e-07

       -1.00000   -5.75347e-05    2.96929e-05   -6.75819e-09


Number of singular values used in solution = 4


CURRENT VALUE OF MARQUARDT LAMBDA = 10.0000 --------->

FROZEN PARAMETERS-
MFGW_REST = 1.66667
MR_UPLAND = 0.200000
MK_REST_L1 = 0.111111
MK_UPLAND_L2 = 0.300000
MR_REST = 1.80000
MK_UPLAND_L1 = 0.300000


SINGULAR VALUES IN SOLUTION:-
        1.03436
TRUNCATED SINGULAR VALUES:-
        0.00000


MATRIX OF EIGENVECTORS IN SOLUTION:-
   -9.17659e-13       -1.00000


Number of singular values used in solution = 1


CURRENT VALUE OF MARQUARDT LAMBDA = 100.000 --------->

FROZEN PARAMETERS-
MFGW_REST = 1.66667
MR_UPLAND = 0.200000
MK_REST_L1 = 0.111111
MK_UPLAND_L2 = 0.300000


SINGULAR VALUES IN SOLUTION:-
    1.86909e+06        1626.61        210.216        183.433
TRUNCATED SINGULAR VALUES:-


MATRIX OF EIGENVECTORS IN SOLUTION:-
    2.59701e-09   -2.09383e-05    2.38068e-05       -1.00000

    5.87215e-05      -0.637495       0.770454    3.16901e-05

    0.000104682      -0.770454      -0.637495    9.55306e-07

       -1.00000   -0.000118087   -2.14919e-05   -6.26490e-10


Number of singular values used in solution = 4


CURRENT VALUE OF MARQUARDT LAMBDA = 100.000 --------->

FROZEN PARAMETERS-
MFGW_REST = 1.66667
MR_UPLAND = 0.200000
MK_REST_L1 = 0.111111
MK_UPLAND_L2 = 0.300000
MR_REST = 1.80000
MK_UPLAND_L1 = 0.300000


SINGULAR VALUES IN SOLUTION:-
        1.34362
TRUNCATED SINGULAR VALUES:-
        0.00000


MATRIX OF EIGENVECTORS IN SOLUTION:-
   -7.06444e-13       -1.00000


Number of singular values used in solution = 1


CURRENT VALUE OF MARQUARDT LAMBDA = 1000.00 --------->

FROZEN PARAMETERS-
MFGW_REST = 1.66667
MR_UPLAND = 0.200000
MK_REST_L1 = 0.111111
MK_UPLAND_L2 = 0.300000


SINGULAR VALUES IN SOLUTION:-
    1.86908e+07        3791.45        1964.31        1834.33
TRUNCATED SINGULAR VALUES:-


MATRIX OF EIGENVECTORS IN SOLUTION:-
    2.65562e-10   -2.09242e-06    2.37908e-06       -1.00000

    4.14970e-05      -0.419421       0.907792    3.03731e-06

    0.000187481      -0.907792      -0.419421    9.01638e-07

       -1.00000   -0.000187599   -4.09628e-05    3.64704e-11


Number of singular values used in solution = 4


CURRENT VALUE OF MARQUARDT LAMBDA = 1000.00 --------->

FROZEN PARAMETERS-
MFGW_REST = 1.66667
MR_UPLAND = 0.200000
MK_REST_L1 = 0.111111
MK_UPLAND_L2 = 0.300000
MR_REST = 1.80000
MK_UPLAND_L1 = 0.300000


SINGULAR VALUES IN SOLUTION:-
        4.43622
TRUNCATED SINGULAR VALUES:-
        0.00000


MATRIX OF EIGENVECTORS IN SOLUTION:-
   -2.13970e-13       -1.00000


Number of singular values used in solution = 1


