     8     8     1
    0.062487  -9.4497e-09 -9.98133e-07 -0.000429073   5.3565e-07   3.9108e-06  0.000243547  1.61028e-06
 -9.4497e-09       0.0625  1.86851e-07  -4.1122e-06   3.8988e-08   1.4674e-07  1.75848e-06   7.2047e-07
-9.98133e-07  1.86851e-07     0.105751 -0.000226705  -3.4726e-06 -1.93315e-05  0.000235134 -3.71844e-05
-0.000429073  -4.1122e-06 -0.000226705    0.0440488  4.74006e-05  0.000269905    0.0370504   0.00124531
  5.3565e-07   3.8988e-08  -3.4726e-06  4.74006e-05    0.0933065 -3.70863e-06  -1.3918e-05  -8.2005e-06
  3.9108e-06   1.4674e-07 -1.93315e-05  0.000269905 -3.70863e-06    0.0932784 -7.70493e-05  -3.5855e-05
 0.000243547  1.75848e-06  0.000235134    0.0370504  -1.3918e-05 -7.70493e-05    0.0338855 -0.000613073
 1.61028e-06   7.2047e-07 -3.71844e-05   0.00124531  -8.2005e-06  -3.5855e-05 -0.000613073    0.0567571
* row and column names
mfgw_rest
mfgw_upland
mk_rest_l1
mk_rest_l2
mk_upland_l1
mk_upland_l2
mr_rest
mr_upland
