     8     8     1
   0.0624818  9.30485e-10  -9.9908e-06 -0.000430282  2.96282e-06  1.97877e-05  0.000277343 -3.82026e-06
 9.30485e-10       0.0625  1.33765e-07  4.91349e-06  1.05274e-08  3.75552e-08 -3.45402e-06  -6.9654e-07
 -9.9908e-06  1.33765e-07     0.105721  -0.00123058 -7.98053e-06 -5.00266e-05   0.00105094  3.29462e-05
-0.000430282  4.91349e-06  -0.00123058    0.0398296  0.000200293   0.00144964    0.0329184    0.0113731
 2.96282e-06  1.05274e-08 -7.98053e-06  0.000200293    0.0933001 -4.35944e-05  2.69039e-05 -6.30248e-05
 1.97877e-05  3.75552e-08 -5.00266e-05   0.00144964 -4.35944e-05    0.0930291  8.85906e-05 -0.000443949
 0.000277343 -3.45402e-06   0.00105094    0.0329184  2.69039e-05  8.85906e-05    0.0324826  -0.00256085
-3.82026e-06  -6.9654e-07  3.29462e-05    0.0113731 -6.30248e-05 -0.000443949  -0.00256085     0.052785
* row and column names
mfgw_rest
mfgw_upland
mk_rest_l1
mk_rest_l2
mk_upland_l1
mk_upland_l2
mr_rest
mr_upland
