    10    10     1
   0.0624923 -3.10966e-07  5.44174e-06 -0.000308145 -3.79314e-07  -6.0815e-06 -4.64245e-07 -4.64245e-07  0.000183063 -2.83159e-07
-3.10966e-07       0.0625     5.05e-07  -2.0175e-05 -5.32493e-08 -1.75263e-07  -4.4609e-08  -4.4609e-08  1.36012e-05 -2.72086e-08
 5.44174e-06     5.05e-07     0.105673  -0.00125269 -2.96719e-08  4.18363e-06  7.53921e-07  7.53921e-07  0.000746669  4.59842e-07
-0.000308145  -2.0175e-05  -0.00125269     0.045033 -6.05122e-05 -0.000160856 -3.01196e-05 -3.01196e-05    0.0371002 -1.83709e-05
-3.79314e-07 -5.32493e-08 -2.96719e-08 -6.05122e-05     0.105792  5.60777e-07 -7.94966e-08 -7.94966e-08  5.17041e-05 -4.84877e-08
 -6.0815e-06 -1.75263e-07  4.18363e-06 -0.000160856  5.60777e-07    0.0624923 -2.61653e-07 -2.61653e-07  7.75177e-05 -1.59591e-07
-4.64245e-07  -4.4609e-08  7.53921e-07 -3.01196e-05 -7.94966e-08 -2.61653e-07    0.0933071 -6.65975e-08  2.03054e-05   -4.062e-08
-4.64245e-07  -4.4609e-08  7.53921e-07 -3.01196e-05 -7.94966e-08 -2.61653e-07 -6.65975e-08    0.0933071  2.03054e-05   -4.062e-08
 0.000183063  1.36012e-05  0.000746669    0.0371002  5.17041e-05  7.75177e-05  2.03054e-05  2.03054e-05    0.0336649  1.23849e-05
-2.83159e-07 -2.72086e-08  4.59842e-07 -1.83709e-05 -4.84877e-08 -1.59591e-07   -4.062e-08   -4.062e-08  1.23849e-05    0.0569111
* row and column names
mfgw_rest
mfgw_upland
mk_rest_l1
mk_rest_l2
mk_ring_l1
mk_ring_l2
mk_upland_l1
mk_upland_l2
mr_rest
mr_upland
