     6     6     1
   0.0624935  3.92206e-07  8.92853e-06  0.000140493 -5.88707e-05  -2.7198e-05
 3.92206e-07    0.0624957  4.09245e-05  0.000296498  -0.00019718  -1.5588e-05
 8.92853e-06  4.09245e-05     0.104714   -0.0076016   0.00523226  0.000256453
 0.000140493  0.000296498   -0.0076016    0.0508695     0.037045    0.0022133
-5.88707e-05  -0.00019718   0.00523226     0.037045    0.0311577  -0.00124804
 -2.7198e-05  -1.5588e-05  0.000256453    0.0022133  -0.00124804    0.0566853
* row and column names
mfgw_rest
mfgw_upland
mk_rest_l1
mk_rest_l2
mr_rest
mr_upland
