     6     6     1
   0.0624952 -1.50032e-06 -5.36807e-05 -0.000333351  0.000216666  8.40596e-06
-1.50032e-06    0.0624975 -2.02669e-05 -9.66436e-05  9.50898e-05 -9.49782e-06
-5.36807e-05 -2.02669e-05     0.104465  -0.00845831   0.00581246  0.000211988
-0.000333351 -9.66436e-05  -0.00845831    0.0511685     0.037033   0.00159478
 0.000216666  9.50898e-05   0.00581246     0.037033     0.031094 -0.000889565
 8.40596e-06 -9.49782e-06  0.000211988   0.00159478 -0.000889565    0.0567648
* row and column names
mfgw_rest
mfgw_upland
mk_rest_l1
mk_rest_l2
mr_rest
mr_upland
