     6     6     1
   0.0624952 -1.50087e-06  -5.3681e-05 -0.000333355  0.000216666  8.40845e-06
-1.50087e-06    0.0624975 -2.02664e-05 -9.66412e-05  9.50871e-05 -9.49518e-06
 -5.3681e-05 -2.02664e-05     0.104465  -0.00845835   0.00581247  0.000211987
-0.000333355 -9.66412e-05  -0.00845835    0.0511682    0.0370331   0.00159478
 0.000216666  9.50871e-05   0.00581247    0.0370331     0.031094 -0.000889557
 8.40845e-06 -9.49518e-06  0.000211987   0.00159478 -0.000889557    0.0567648
* row and column names
mfgw_rest
mfgw_upland
mk_rest_l1
mk_rest_l2
mr_rest
mr_upland
