     6     6     1
   0.0624897  -5.1276e-08 -5.17332e-06 -8.26661e-05  0.000147714 -4.24517e-05
 -5.1276e-08    0.0624972  4.14598e-05  0.000330177 -0.000227691 -5.32947e-05
-5.17332e-06  4.14598e-05     0.104827  -0.00747235   0.00420098   0.00151789
-8.26661e-05  0.000330177  -0.00747235    0.0474409    0.0335735    0.0115196
 0.000147714 -0.000227691   0.00420098    0.0335735     0.033259  -0.00492047
-4.24517e-05 -5.32947e-05   0.00151789    0.0115196  -0.00492047    0.0537432
* row and column names
mfgw_rest
mfgw_upland
mk_rest_l1
mk_rest_l2
mr_rest
mr_upland
