------------------------------------------------------------------------------
OPTIMISATION ITERATION NO.        : 1

CURRENT VALUE OF MARQUARDT LAMBDA = 0 --------->

FROZEN PARAMETERS-


SINGULAR VALUES IN SOLUTION:-
        5880.21        4.45009        2.45274        1.14251       0.159724      0.0968283
TRUNCATED SINGULAR VALUES:-


MATRIX OF EIGENVECTORS IN SOLUTION:-
      0.0153631      -0.128189      -0.138895      -0.148634       0.876021       0.417774

       0.395580       0.634136      -0.394678      -0.507984      -0.118416       0.116389

      -0.496691      -0.241415      -0.819606     -0.0219952      -0.149085     -0.0235119

      -0.689046       0.605006       0.204145     -0.0507392       0.239028      -0.240416

       0.322665       0.269006      -0.333914       0.689891       0.285356      -0.393251

      -0.132972       0.291138     0.00317934       0.490767      -0.240366       0.773899


Number of singular values used in solution = 6


CURRENT VALUE OF MARQUARDT LAMBDA = 0.100000 --------->

FROZEN PARAMETERS-


SINGULAR VALUES IN SOLUTION:-
        6052.72        785.373        67.9198        43.2212        3.80077       0.488617
TRUNCATED SINGULAR VALUES:-


MATRIX OF EIGENVECTORS IN SOLUTION:-
      0.0150847      -0.124518      -0.155353      -0.144367       0.880113       0.405822

     0.00222364     -0.0164071       0.987733     -0.0171053       0.145618      0.0511085

      -0.997419    -0.00157647    -0.00122919      0.0278502      0.0439962     -0.0493874

     -0.0673914      -0.246635      0.0156780      -0.286768      -0.449731       0.806157

     -0.0194554       0.865562     0.00111079      -0.492497     0.00130446      0.0886972

     0.00134445       0.417369   -0.000563145       0.808270   -1.50154e-06       0.415332


Number of singular values used in solution = 6


CURRENT VALUE OF MARQUARDT LAMBDA = 0.100000 --------->

FROZEN PARAMETERS-


SINGULAR VALUES IN SOLUTION:-
        6052.72        785.373        67.9198        43.2212        3.80077       0.488617
TRUNCATED SINGULAR VALUES:-


MATRIX OF EIGENVECTORS IN SOLUTION:-
      0.0150847      -0.124518      -0.155353      -0.144367       0.880113       0.405822

     0.00222364     -0.0164071       0.987733     -0.0171053       0.145618      0.0511085

      -0.997419    -0.00157647    -0.00122919      0.0278502      0.0439962     -0.0493874

     -0.0673914      -0.246635      0.0156780      -0.286768      -0.449731       0.806157

     -0.0194554       0.865562     0.00111079      -0.492497     0.00130446      0.0886972

     0.00134445       0.417369   -0.000563145       0.808270   -1.50154e-06       0.415332


Number of singular values used in solution = 6


CURRENT VALUE OF MARQUARDT LAMBDA = 1.00000 --------->

FROZEN PARAMETERS-


SINGULAR VALUES IN SOLUTION:-
        8625.59        6896.86        661.446        343.526        8.92096        2.33487
TRUNCATED SINGULAR VALUES:-


MATRIX OF EIGENVECTORS IN SOLUTION:-
     0.00755676     -0.0583496      -0.827822     -0.0677378       0.520027       0.190347

      0.0106554     -0.0804886       0.560851     -0.0931011       0.775531       0.262177

      -0.999328     0.00596479   -0.000706486     0.00975622      0.0244222     -0.0248202

     -0.0341947      -0.258780      0.0124631      -0.295866      -0.357105       0.846550

    -0.00176798       0.953806    9.08789e-05      -0.204569    1.61708e-05       0.220005

    0.000836862       0.115620   -0.000157780       0.925885     0.00166125       0.359674


Number of singular values used in solution = 6


CURRENT VALUE OF MARQUARDT LAMBDA = 1.00000 --------->

FROZEN PARAMETERS-


SINGULAR VALUES IN SOLUTION:-
        8625.59        6896.86        661.446        343.526        8.92096        2.33487
TRUNCATED SINGULAR VALUES:-


MATRIX OF EIGENVECTORS IN SOLUTION:-
     0.00755676     -0.0583496      -0.827822     -0.0677378       0.520027       0.190347

      0.0106554     -0.0804886       0.560851     -0.0931011       0.775531       0.262177

      -0.999328     0.00596479   -0.000706486     0.00975622      0.0244222     -0.0248202

     -0.0341947      -0.258780      0.0124631      -0.295866      -0.357105       0.846550

    -0.00176798       0.953806    9.08789e-05      -0.204569    1.61708e-05       0.220005

    0.000836862       0.115620   -0.000157780       0.925885     0.00166125       0.359674


Number of singular values used in solution = 6


CURRENT VALUE OF MARQUARDT LAMBDA = 10.0000 --------->

FROZEN PARAMETERS-


SINGULAR VALUES IN SOLUTION:-
        79774.0        24864.5        6592.93        1078.39        65.5748        14.8288
TRUNCATED SINGULAR VALUES:-


MATRIX OF EIGENVECTORS IN SOLUTION:-
    0.000186944    -0.00143904      -0.999899    -0.00168578      0.0131893     0.00471347

     0.00451967     -0.0278407      0.0136458     -0.0321950       0.994859      0.0907618

      -0.999971     0.00141029   -0.000148955     0.00190952     0.00511489    -0.00513743

    -0.00613904      -0.275054     0.00385797      -0.302658      -0.100263       0.906994

   -0.000141730       0.957680   -4.40177e-06    -0.00820839    0.000286763       0.287717

    0.000205878     -0.0800907   -8.22943e-05       0.952517     0.00178374       0.293759


Number of singular values used in solution = 6


CURRENT VALUE OF MARQUARDT LAMBDA = 10.0000 --------->

FROZEN PARAMETERS-


SINGULAR VALUES IN SOLUTION:-
        79774.0        24864.5        6592.93        1078.39        65.5748        14.8288
TRUNCATED SINGULAR VALUES:-


MATRIX OF EIGENVECTORS IN SOLUTION:-
    0.000186944    -0.00143904      -0.999899    -0.00168578      0.0131893     0.00471347

     0.00451967     -0.0278407      0.0136458     -0.0321950       0.994859      0.0907618

      -0.999971     0.00141029   -0.000148955     0.00190952     0.00511489    -0.00513743

    -0.00613904      -0.275054     0.00385797      -0.302658      -0.100263       0.906994

   -0.000141730       0.957680   -4.40177e-06    -0.00820839    0.000286763       0.287717

    0.000205878     -0.0800907   -8.22943e-05       0.952517     0.00178374       0.293759


Number of singular values used in solution = 6


CURRENT VALUE OF MARQUARDT LAMBDA = 100.000 --------->

FROZEN PARAMETERS-


SINGULAR VALUES IN SOLUTION:-
        796584.        205756.        65901.7        1911.17        634.471        117.852
TRUNCATED SINGULAR VALUES:-


MATRIX OF EIGENVECTORS IN SOLUTION:-
    1.71587e-05   -0.000132118      -0.999999   -0.000154928     0.00121191    0.000432940

    0.000567810    -0.00323833     0.00121742    -0.00374296       0.999931      0.0105581

       -1.00000    0.000160473   -1.67656e-05    0.000213272    0.000575282   -0.000577198

   -0.000637398      -0.262356    0.000461050      -0.212973     -0.0115840       0.941104

    1.07091e-06       0.962209   -1.15287e-05      0.0159164    0.000305410       0.271845

    8.15148e-05     -0.0728840   -5.32215e-05       0.976921     0.00130085       0.200777


Number of singular values used in solution = 6


CURRENT VALUE OF MARQUARDT LAMBDA = 100.000 --------->

FROZEN PARAMETERS-


SINGULAR VALUES IN SOLUTION:-
        796584.        205756.        65901.7        1911.17        634.471        117.852
TRUNCATED SINGULAR VALUES:-


MATRIX OF EIGENVECTORS IN SOLUTION:-
    1.71587e-05   -0.000132118      -0.999999   -0.000154928     0.00121191    0.000432940

    0.000567810    -0.00323833     0.00121742    -0.00374296       0.999931      0.0105581

       -1.00000    0.000160473   -1.67656e-05    0.000213272    0.000575282   -0.000577198

   -0.000637398      -0.262356    0.000461050      -0.212973     -0.0115840       0.941104

    1.07091e-06       0.962209   -1.15287e-05      0.0159164    0.000305410       0.271845

    8.15148e-05     -0.0728840   -5.32215e-05       0.976921     0.00130085       0.200777


Number of singular values used in solution = 6


CURRENT VALUE OF MARQUARDT LAMBDA = 1000.00 --------->

FROZEN PARAMETERS-


SINGULAR VALUES IN SOLUTION:-
    7.96479e+06    2.01668e+06        658988.        8497.64        6281.29        822.443
TRUNCATED SINGULAR VALUES:-


MATRIX OF EIGENVECTORS IN SOLUTION:-
    1.70183e-06   -1.31041e-05       -1.00000   -1.53681e-05    0.000120213    4.29430e-05

    5.81790e-05   -0.000328681    0.000120269   -0.000379877       0.999999     0.00107162

       -1.00000    1.62691e-05   -1.69788e-06    2.15817e-05    5.82554e-05   -5.84434e-05

   -6.12429e-05      -0.145416    4.49596e-05     -0.0491492    -0.00112539       0.988148

    7.78788e-06       0.989219   -6.82675e-06      0.0102807    0.000172495       0.146085

    1.85371e-05     -0.0173389   -1.30590e-05       0.998738    0.000323200      0.0471247


Number of singular values used in solution = 6


CURRENT VALUE OF MARQUARDT LAMBDA = 1000.00 --------->

FROZEN PARAMETERS-


SINGULAR VALUES IN SOLUTION:-
    7.96479e+06    2.01668e+06        658988.        8497.64        6281.29        822.443
TRUNCATED SINGULAR VALUES:-


MATRIX OF EIGENVECTORS IN SOLUTION:-
    1.70183e-06   -1.31041e-05       -1.00000   -1.53681e-05    0.000120213    4.29430e-05

    5.81790e-05   -0.000328681    0.000120269   -0.000379877       0.999999     0.00107162

       -1.00000    1.62691e-05   -1.69788e-06    2.15817e-05    5.82554e-05   -5.84434e-05

   -6.12429e-05      -0.145416    4.49596e-05     -0.0491492    -0.00112539       0.988148

    7.78788e-06       0.989219   -6.82675e-06      0.0102807    0.000172495       0.146085

    1.85371e-05     -0.0173389   -1.30590e-05       0.998738    0.000323200      0.0471247


Number of singular values used in solution = 6


------------------------------------------------------------------------------
OPTIMISATION ITERATION NO.        : 2

CURRENT VALUE OF MARQUARDT LAMBDA = 0.00000 --------->

FROZEN PARAMETERS-


SINGULAR VALUES IN SOLUTION:-
        6254.39        7.44033        1.35883       0.872520       0.418363       0.110323
TRUNCATED SINGULAR VALUES:-


MATRIX OF EIGENVECTORS IN SOLUTION:-
      0.0832236     -0.0840937      0.0785323      -0.386162       0.672134       0.615589

       0.452896       0.494316       0.675788      -0.123156      0.0970783      -0.263166

      -0.508610       0.603339      -0.252979       0.112799       0.478281      -0.268000

       0.595840       0.428402      -0.640752     -0.0680145      -0.136566       0.166155

      -0.399624       0.318221      0.0769899      -0.653719      -0.503875       0.227752

      -0.120629       0.315864       0.238024       0.625310      -0.193699       0.632844


Number of singular values used in solution = 6


CURRENT VALUE OF MARQUARDT LAMBDA = 0.100000 --------->

FROZEN PARAMETERS-


SINGULAR VALUES IN SOLUTION:-
        6283.11        174.653        111.119        32.8922        4.79454       0.857225
TRUNCATED SINGULAR VALUES:-


MATRIX OF EIGENVECTORS IN SOLUTION:-
      0.0843109     -0.0837382      0.0803695      -0.384407       0.675314       0.612865

      0.0189000      0.0179083       0.996295      0.0215945     -0.0627053     -0.0481654

      -0.995834     -0.0172749      0.0261233     -0.0165793      0.0746525      0.0385511

     -0.0247685      -0.120954    -0.00794142      -0.340047      -0.730328       0.579381

     -0.0148471       0.964915     -0.0130626      -0.259740     -0.0319591     0.00789447

     0.00392950       0.216053     0.00455008       0.817553     0.00677675       0.533710


Number of singular values used in solution = 6


CURRENT VALUE OF MARQUARDT LAMBDA = 0.100000 --------->

FROZEN PARAMETERS-
MR_REST = 1.80000


SINGULAR VALUES IN SOLUTION:-
        3037.71        115.573        108.666        4.57038        1.40950
TRUNCATED SINGULAR VALUES:-


MATRIX OF EIGENVECTORS IN SOLUTION:-
       0.121619     -0.0965971      0.0944772       0.965764       0.185073

       0.144204      0.0188856       0.983155      -0.109902     -0.0132936

       0.981982      0.0132225      -0.156171      -0.105062     -0.0104356

     0.00168261       0.866152    -0.00349174       0.176373      -0.467608

     -0.0110592       0.489814    -0.00888485      -0.114352       0.864179


Number of singular values used in solution = 5


CURRENT VALUE OF MARQUARDT LAMBDA = 1.00000 --------->

FROZEN PARAMETERS-


SINGULAR VALUES IN SOLUTION:-
        6556.38        1708.96        1090.30        306.283        25.8888        5.15323
TRUNCATED SINGULAR VALUES:-


MATRIX OF EIGENVECTORS IN SOLUTION:-
      0.0951708     -0.0803842       0.101367      -0.368008       0.702727       0.587324

      0.0152582    -0.00808862      -0.994717     -0.0308375      0.0819502      0.0507254

      -0.994892    -0.00665876    -0.00509514     -0.0236226      0.0895935      0.0391823

     -0.0299456     -0.0903673     -0.0153029      -0.367501      -0.700972       0.603560

    -0.00159408       0.992301    -0.00134702     -0.0846737    -0.00579078      0.0901756

     0.00100374      0.0245258    0.000908259       0.849020     0.00607170       0.527755


Number of singular values used in solution = 6


CURRENT VALUE OF MARQUARDT LAMBDA = 1.00000 --------->

FROZEN PARAMETERS-
MR_REST = 1.80000


SINGULAR VALUES IN SOLUTION:-
        3547.37        1131.22        1066.62        29.3799        10.4372
TRUNCATED SINGULAR VALUES:-


MATRIX OF EIGENVECTORS IN SOLUTION:-
       0.143956     -0.0829256       0.114414       0.966563       0.158322

     -0.0960747     0.00624180       0.990194      -0.100738    -0.00994306

      -0.984848    -0.00845088     -0.0797858       0.153108      0.0139859

     0.00969807       0.772322     0.00664926       0.164511      -0.613446

    -0.00520166       0.629707    -0.00397389     -0.0714305       0.773514


Number of singular values used in solution = 5


CURRENT VALUE OF MARQUARDT LAMBDA = 10.0000 --------->

FROZEN PARAMETERS-


SINGULAR VALUES IN SOLUTION:-
        17233.9        11182.5        9848.02        2000.20        237.787        45.8747
TRUNCATED SINGULAR VALUES:-


MATRIX OF EIGENVECTORS IN SOLUTION:-
     -0.0121050     0.00428500      -0.997827      0.0200203     -0.0524990     -0.0319242

       0.923046     -0.0206535     -0.0358077     -0.0935803       0.339097       0.150113

      -0.383864     -0.0441110     -0.0539325      -0.197897       0.841123       0.318031

     -0.0220948      -0.114209     -0.0122457      -0.464940      -0.418005       0.771635

   -0.000335978       0.992130   -0.000238821     -0.0508811    -0.00334873       0.114358

    0.000427589     -0.0156141    0.000288740       0.856108     0.00551480       0.516531


Number of singular values used in solution = 6


CURRENT VALUE OF MARQUARDT LAMBDA = 10.0000 --------->

FROZEN PARAMETERS-
MR_REST = 1.80000


SINGULAR VALUES IN SOLUTION:-
        11404.9        10825.8        8473.52        188.555        63.1953
TRUNCATED SINGULAR VALUES:-


MATRIX OF EIGENVECTORS IN SOLUTION:-
       0.115342    -0.00537148       0.987488       0.106896      0.0103747

       0.982343    -0.00646174      -0.129450       0.134351      0.0123573

      -0.147228     -0.0331030     -0.0899900       0.982474      0.0622421

     0.00329507       0.949612     0.00236745      0.0522828      -0.309009

    -0.00332365       0.311560    -0.00243705     -0.0503378       0.948883


Number of singular values used in solution = 5


CURRENT VALUE OF MARQUARDT LAMBDA = 100.000 --------->

FROZEN PARAMETERS-


SINGULAR VALUES IN SOLUTION:-
        171644.        109416.        61229.3        4046.44        2341.07        424.356
TRUNCATED SINGULAR VALUES:-


MATRIX OF EIGENVECTORS IN SOLUTION:-
   -0.000721226    0.000243415      -0.999993     0.00116262    -0.00305235    -0.00184827

      -0.999964    0.000433868    0.000752432     0.00201673    -0.00747441    -0.00322538

    -0.00767172    -0.00633176    -0.00316037     -0.0280974       0.998521      0.0453600

    -0.00338854      -0.217174    -0.00200588      -0.436012     -0.0532778       0.871708

   -0.000353062       0.975950   -0.000214115     -0.0808740    -0.00528347       0.202368

    0.000330347     -0.0177933    0.000201367       0.895856     0.00493103       0.443960


Number of singular values used in solution = 6


CURRENT VALUE OF MARQUARDT LAMBDA = 100.000 --------->

FROZEN PARAMETERS-


SINGULAR VALUES IN SOLUTION:-
        171644.        109416.        61229.3        4046.44        2341.07        424.356
TRUNCATED SINGULAR VALUES:-


MATRIX OF EIGENVECTORS IN SOLUTION:-
   -0.000721226    0.000243415      -0.999993     0.00116262    -0.00305235    -0.00184827

      -0.999964    0.000433868    0.000752432     0.00201673    -0.00747441    -0.00322538

    -0.00767172    -0.00633176    -0.00316037     -0.0280974       0.998521      0.0453600

    -0.00338854      -0.217174    -0.00200588      -0.436012     -0.0532778       0.871708

   -0.000353062       0.975950   -0.000214115     -0.0808740    -0.00528347       0.202368

    0.000330347     -0.0177933    0.000201367       0.895856     0.00493103       0.443960


Number of singular values used in solution = 6


CURRENT VALUE OF MARQUARDT LAMBDA = 1000.00 --------->

FROZEN PARAMETERS-


SINGULAR VALUES IN SOLUTION:-
    1.71604e+06    1.09371e+06        585258.        23824.0        12693.6        3105.02
TRUNCATED SINGULAR VALUES:-


MATRIX OF EIGENVECTORS IN SOLUTION:-
   -6.93568e-05    2.33029e-05       -1.00000    0.000111552   -0.000292877   -0.000177284

       -1.00000    3.99411e-05    6.96333e-05    0.000186164   -0.000690168   -0.000297638

   -0.000692072   -0.000632081   -0.000293954    -0.00280087       0.999985     0.00452426

   -5.05383e-05      -0.999477   -2.97132e-05     -0.0120048   -0.000801233      0.0300168

   -0.000318190      0.0315230   -0.000190192      -0.155451    -0.00488275       0.987328

    0.000135825    -0.00718793    8.17940e-05       0.987767     0.00205751       0.155760


Number of singular values used in solution = 6


CURRENT VALUE OF MARQUARDT LAMBDA = 1000.00 --------->

FROZEN PARAMETERS-


SINGULAR VALUES IN SOLUTION:-
    1.71604e+06    1.09371e+06        585258.        23824.0        12693.6        3105.02
TRUNCATED SINGULAR VALUES:-


MATRIX OF EIGENVECTORS IN SOLUTION:-
   -6.93568e-05    2.33029e-05       -1.00000    0.000111552   -0.000292877   -0.000177284

       -1.00000    3.99411e-05    6.96333e-05    0.000186164   -0.000690168   -0.000297638

   -0.000692072   -0.000632081   -0.000293954    -0.00280087       0.999985     0.00452426

   -5.05383e-05      -0.999477   -2.97132e-05     -0.0120048   -0.000801233      0.0300168

   -0.000318190      0.0315230   -0.000190192      -0.155451    -0.00488275       0.987328

    0.000135825    -0.00718793    8.17940e-05       0.987767     0.00205751       0.155760


Number of singular values used in solution = 6


------------------------------------------------------------------------------
OPTIMISATION ITERATION NO.        : 3

CURRENT VALUE OF MARQUARDT LAMBDA = 0.00000 --------->

FROZEN PARAMETERS-


SINGULAR VALUES IN SOLUTION:-
        11081.9        6.23868        2.63292       0.420394       0.263003       0.146767
TRUNCATED SINGULAR VALUES:-


MATRIX OF EIGENVECTORS IN SOLUTION:-
     -0.0223930     -0.0640203     -0.0600617      -0.279018       0.841044       0.454517

      -0.683205      -0.606175     -0.0632226      0.0123585      -0.239326       0.323042

      -0.432011       0.334040       0.830342    -0.00975271      0.0978204     -0.0515042

      -0.429713       0.530481      -0.431767      -0.565426      -0.144471     -0.0832783

       0.386563      -0.232761       0.340299      -0.717545      -0.341180       0.222067

       0.109600       0.425773     -0.0265013       0.295505      -0.297528       0.793824


Number of singular values used in solution = 6


CURRENT VALUE OF MARQUARDT LAMBDA = 0.100000 --------->

FROZEN PARAMETERS-


SINGULAR VALUES IN SOLUTION:-
        11219.0        236.404        213.822        56.5036        7.04841       0.855356
TRUNCATED SINGULAR VALUES:-


MATRIX OF EIGENVECTORS IN SOLUTION:-
     -0.0225400     -0.0632609     -0.0605926      -0.275605       0.845144       0.448990

     -0.0253845     0.00282397       0.997406    -0.00375471      0.0669827     0.00533896

      -0.999118     -0.0104792     -0.0232385   -0.000264738     -0.0327061     0.00663107

      0.0229245      -0.137713      0.0310339      -0.426652      -0.528887       0.719578

    -0.00903344       0.982773    -0.00264464      -0.167978     -0.0207614      0.0736273

     0.00200202       0.105227   -0.000194612       0.844854     0.00477073       0.524520


Number of singular values used in solution = 6


CURRENT VALUE OF MARQUARDT LAMBDA = 0.100000 --------->

FROZEN PARAMETERS-
MR_REST = 1.80000


SINGULAR VALUES IN SOLUTION:-
        7615.82        226.749        211.495        8.45567        3.42454
TRUNCATED SINGULAR VALUES:-


MATRIX OF EIGENVECTORS IN SOLUTION:-
     -0.0272339     -0.0666090     -0.0722986       0.980088       0.170360

     -0.0379574     0.00211903       0.996664      0.0721789     0.00248415

      -0.998829    -0.00896016     -0.0357587     -0.0312937     0.00168143

     -0.0124880       0.772531     -0.0120371       0.158121      -0.614730

    -0.00164060       0.631407     0.00324818     -0.0907559       0.770114


Number of singular values used in solution = 5


CURRENT VALUE OF MARQUARDT LAMBDA = 1.00000 --------->

FROZEN PARAMETERS-


SINGULAR VALUES IN SOLUTION:-
        12509.1        2345.96        2105.91        497.776        48.3391        5.26509
TRUNCATED SINGULAR VALUES:-


MATRIX OF EIGENVECTORS IN SOLUTION:-
     -0.0237732     -0.0567703     -0.0653198      -0.246589       0.877252       0.401956

     0.00544221    0.000601966      -0.997516     0.00423165     -0.0697699    -0.00682857

      -0.999629   -0.000870329    -0.00356022    0.000684077     -0.0269890   -0.000501328

      0.0121267      -0.116799      0.0261337      -0.449978      -0.474121       0.747166

   -0.000814842       0.991512   -5.80188e-05     -0.0724867    -0.00562523       0.107787

    0.000229503     0.00621284   -0.000149918       0.855243     0.00337112       0.518178


Number of singular values used in solution = 6


CURRENT VALUE OF MARQUARDT LAMBDA = 1.00000 --------->

FROZEN PARAMETERS-
MR_REST = 1.80000


SINGULAR VALUES IN SOLUTION:-
        9143.18        2249.96        2083.20        61.3541        27.0052
TRUNCATED SINGULAR VALUES:-


MATRIX OF EIGENVECTORS IN SOLUTION:-
     -0.0285398     -0.0556334     -0.0774787       0.984872       0.141826

    -0.00941933   -0.000882769       0.996930      0.0776635     0.00306222

      -0.999540   -0.000588461    -0.00714650     -0.0294751   -0.000591698

    -0.00405649       0.700258    -0.00814380       0.139608      -0.700047

    0.000922155       0.711718     0.00318694     -0.0603028       0.699864


Number of singular values used in solution = 5


CURRENT VALUE OF MARQUARDT LAMBDA = 10.0000 --------->

FROZEN PARAMETERS-


SINGULAR VALUES IN SOLUTION:-
        28068.5        23421.8        21026.7        2273.64        460.674        48.2290
TRUNCATED SINGULAR VALUES:-


MATRIX OF EIGENVECTORS IN SOLUTION:-
     -0.0327323     -0.0239197      -0.134554      -0.102690       0.970339       0.167774

    -0.00659467    -0.00186775       0.990840    -0.00816114       0.133959      0.0133323

      -0.999431    0.000130469    -0.00207674    0.000997324     -0.0336215    -0.00156928

     0.00482682      -0.141495      0.0112815      -0.493267      -0.198332       0.834973

    1.79176e-05       0.989609    0.000229559     -0.0653507    -0.00461919       0.127993

   -4.21123e-05    -0.00881833   -0.000173147       0.861280     0.00306375       0.508044


Number of singular values used in solution = 6


CURRENT VALUE OF MARQUARDT LAMBDA = 10.0000 --------->

FROZEN PARAMETERS-
MR_REST = 1.80000


SINGULAR VALUES IN SOLUTION:-
        24778.6        22424.9        20798.1        397.524        153.206
TRUNCATED SINGULAR VALUES:-


MATRIX OF EIGENVECTORS IN SOLUTION:-
      0.0495699      0.0203120       0.230499      -0.970244     -0.0512518

     -0.0198489    -0.00358096       0.973035       0.229592     0.00910703

      -0.998572    0.000512589    -0.00789487     -0.0528029    -0.00149797

   -0.000872833       0.963654    -0.00193528      0.0336688      -0.265016

     0.00103253       0.266357     0.00252101     -0.0446327       0.962837


Number of singular values used in solution = 5


CURRENT VALUE OF MARQUARDT LAMBDA = 100.000 --------->

FROZEN PARAMETERS-


SINGULAR VALUES IN SOLUTION:-
        234665.        210261.        199178.        4837.45        3785.38        443.903
TRUNCATED SINGULAR VALUES:-


MATRIX OF EIGENVECTORS IN SOLUTION:-
    0.000734105    0.000233541       0.999870    0.000983208     -0.0159845    -0.00160817

      -0.999818   -0.000144316     0.00103991   -0.000572754      0.0189992    0.000942829

      0.0190357    -0.00310543      0.0160111     -0.0132567       0.999363      0.0216841

    0.000308530      -0.928838    0.000715858      -0.165859     -0.0122870       0.331058

    0.000541783       0.370360     0.00129562      -0.393738     -0.0223514       0.841013

   -6.25284e-05    -0.00915107   -0.000156371       0.904038     0.00269495       0.427346


Number of singular values used in solution = 6


CURRENT VALUE OF MARQUARDT LAMBDA = 100.000 --------->

FROZEN PARAMETERS-
MR_REST = 1.80000


SINGULAR VALUES IN SOLUTION:-
        225140.        208005.        181383.        3576.09        322.888
TRUNCATED SINGULAR VALUES:-


MATRIX OF EIGENVECTORS IN SOLUTION:-
    0.000954334    0.000194742       0.999928     -0.0119740   -0.000482374

       0.999972    9.42038e-05    -0.00104314    -0.00740211   -0.000216521

     0.00741564    -0.00279092      0.0119702       0.999872     0.00701062

   -7.79916e-05       0.999652   -0.000171608     0.00297665     -0.0262002

    0.000163003      0.0262204    0.000393844    -0.00694167       0.999632


Number of singular values used in solution = 5


CURRENT VALUE OF MARQUARDT LAMBDA = 1000.00 --------->

FROZEN PARAMETERS-


SINGULAR VALUES IN SOLUTION:-
    2.34617e+06    2.10249e+06    1.92009e+06        46517.1        13402.8        3212.95
TRUNCATED SINGULAR VALUES:-


MATRIX OF EIGENVECTORS IN SOLUTION:-
   -6.00624e-05   -1.92661e-05      -0.999999   -8.08182e-05     0.00131492    0.000132205

      -0.999999   -9.08589e-06    6.15731e-05   -3.44293e-05     0.00114089    5.69215e-05

     0.00114114   -0.000318449     0.00131525    -0.00135826       0.999995     0.00222206

    9.42159e-06      -0.999939    2.05099e-05    -0.00489060   -0.000347073     0.00988341

    5.83295e-05      0.0104663    0.000138774      -0.138483    -0.00238555       0.990307

   -2.50017e-05    -0.00347486   -6.02931e-05       0.990352     0.00103634       0.138528


Number of singular values used in solution = 6


CURRENT VALUE OF MARQUARDT LAMBDA = 1000.00 --------->

FROZEN PARAMETERS-
MR_REST = 1.80000


SINGULAR VALUES IN SOLUTION:-
    2.25098e+06    2.07996e+06    1.74952e+06        35422.4        1304.31
TRUNCATED SINGULAR VALUES:-


MATRIX OF EIGENVECTORS IN SOLUTION:-
    8.29127e-05    1.70041e-05       0.999999    -0.00104335   -4.20117e-05

        1.00000    7.77657e-06   -8.35366e-05   -0.000597056   -1.75121e-05

    0.000597158   -0.000289520     0.00104334       0.999999    0.000726722

   -7.64933e-06       0.999997   -1.68082e-05    0.000291425    -0.00259110

    1.70619e-05     0.00259131    4.12086e-05   -0.000726023       0.999996


Number of singular values used in solution = 5


------------------------------------------------------------------------------
OPTIMISATION ITERATION NO.        : 4

CURRENT VALUE OF MARQUARDT LAMBDA = 0.00000 --------->

FROZEN PARAMETERS-


SINGULAR VALUES IN SOLUTION:-
        15214.3        5.84351        2.73942       0.911277       0.166887       0.101400
TRUNCATED SINGULAR VALUES:-


MATRIX OF EIGENVECTORS IN SOLUTION:-
      0.0587432     -0.0430825      0.0320162      -0.254296       0.865312       0.424543

       0.269138       0.405147       0.828834     -0.0667346      0.0776407      -0.256853

      -0.752955       0.593222      -0.123571      -0.124189       0.136316      -0.178526

      -0.484199      -0.486714       0.454112      -0.452163      -0.254326       0.230892

       0.278567       0.476859      -0.156052      -0.469304      -0.393902       0.543368

      -0.212426       0.133427       0.257235       0.700542     -0.0823656       0.611031


Number of singular values used in solution = 6


CURRENT VALUE OF MARQUARDT LAMBDA = 0.100000 --------->

FROZEN PARAMETERS-
MR_REST = 1.80000


SINGULAR VALUES IN SOLUTION:-
        10582.3        48.7915        9.07444        8.06441        4.35466
TRUNCATED SINGULAR VALUES:-


MATRIX OF EIGENVECTORS IN SOLUTION:-
      0.0311936     -0.0448643     0.00471730       0.983336       0.173330

      -0.999151     0.00921787    -0.00241096      0.0354319     -0.0187469

    -0.00243497      0.0386538       0.999177    -0.00489639      0.0110282

     -0.0247807      -0.718090      0.0194875      -0.151666       0.678491

     -0.0102271       0.693365     -0.0351826     -0.0936453       0.713536


Number of singular values used in solution = 5


CURRENT VALUE OF MARQUARDT LAMBDA = 0.100000 --------->

FROZEN PARAMETERS-
MR_REST = 1.80000


SINGULAR VALUES IN SOLUTION:-
        10582.3        48.7915        9.07444        8.06441        4.35466
TRUNCATED SINGULAR VALUES:-


MATRIX OF EIGENVECTORS IN SOLUTION:-
      0.0311936     -0.0448643     0.00471730       0.983336       0.173330

      -0.999151     0.00921787    -0.00241096      0.0354319     -0.0187469

    -0.00243497      0.0386538       0.999177    -0.00489639      0.0110282

     -0.0247807      -0.718090      0.0194875      -0.151666       0.678491

     -0.0102271       0.693365     -0.0351826     -0.0936453       0.713536


Number of singular values used in solution = 5


CURRENT VALUE OF MARQUARDT LAMBDA = 1.00000 --------->

FROZEN PARAMETERS-
MR_REST = 1.80000


SINGULAR VALUES IN SOLUTION:-
        12270.0        483.749        90.1493        63.2719        36.1049
TRUNCATED SINGULAR VALUES:-


MATRIX OF EIGENVECTORS IN SOLUTION:-
      0.0278637     -0.0387936     0.00409351       0.987607       0.149444

      -0.999371     0.00507663   -0.000736534      0.0309143     -0.0166290

    -0.00180623     -0.0163997       0.999030     -0.0106973      0.0394084

     -0.0201367      -0.633026     -0.0419014      -0.139142       0.760103

     0.00856735      -0.772967      0.0129091      0.0648149      -0.630936


Number of singular values used in solution = 5


CURRENT VALUE OF MARQUARDT LAMBDA = 1.00000 --------->

FROZEN PARAMETERS-
MR_REST = 1.80000


SINGULAR VALUES IN SOLUTION:-
        12270.0        483.749        90.1493        63.2719        36.1049
TRUNCATED SINGULAR VALUES:-


MATRIX OF EIGENVECTORS IN SOLUTION:-
      0.0278637     -0.0387936     0.00409351       0.987607       0.149444

      -0.999371     0.00507663   -0.000736534      0.0309143     -0.0166290

    -0.00180623     -0.0163997       0.999030     -0.0106973      0.0394084

     -0.0201367      -0.633026     -0.0419014      -0.139142       0.760103

     0.00856735      -0.772967      0.0129091      0.0648149      -0.630936


Number of singular values used in solution = 5


CURRENT VALUE OF MARQUARDT LAMBDA = 10.0000 --------->

FROZEN PARAMETERS-
MR_REST = 1.80000


SINGULAR VALUES IN SOLUTION:-
        29461.9        4825.55        900.203        449.916        213.321
TRUNCATED SINGULAR VALUES:-


MATRIX OF EIGENVECTORS IN SOLUTION:-
      0.0132366     -0.0162193     0.00173387       0.997865      0.0618341

      -0.999875     0.00213523   -0.000266230      0.0137588    -0.00743007

   -0.000370698    -0.00382231       0.999953    -0.00233023     0.00864207

    -0.00425842      -0.970786    -0.00583937     -0.0304541       0.237896

    -0.00746075       0.239357    -0.00759521     -0.0560584       0.969254


Number of singular values used in solution = 5


CURRENT VALUE OF MARQUARDT LAMBDA = 10.0000 --------->

FROZEN PARAMETERS-
MR_REST = 1.80000


SINGULAR VALUES IN SOLUTION:-
        29461.9        4825.55        900.203        449.916        213.321
TRUNCATED SINGULAR VALUES:-


MATRIX OF EIGENVECTORS IN SOLUTION:-
      0.0132366     -0.0162193     0.00173387       0.997865      0.0618341

      -0.999875     0.00213523   -0.000266230      0.0137588    -0.00743007

   -0.000370698    -0.00382231       0.999953    -0.00233023     0.00864207

    -0.00425842      -0.970786    -0.00583937     -0.0304541       0.237896

    -0.00746075       0.239357    -0.00759521     -0.0560584       0.969254


Number of singular values used in solution = 5


CURRENT VALUE OF MARQUARDT LAMBDA = 100.000 --------->

FROZEN PARAMETERS-
MR_REST = 1.80000


SINGULAR VALUES IN SOLUTION:-
        203042.        48197.3        8999.60        4230.52        457.177
TRUNCATED SINGULAR VALUES:-


MATRIX OF EIGENVECTORS IN SOLUTION:-
     0.00208882    -0.00234896    0.000253108       0.999955     0.00889946

      -0.999997    0.000324417   -3.97465e-05     0.00209979    -0.00113584

   -4.15465e-05   -0.000433605       0.999999   -0.000262730    0.000975121

   -0.000353682      -0.999773   -0.000454819    -0.00253598      0.0211569

    -0.00114720      0.0211794   -0.000968052    -0.00884511       0.999735


Number of singular values used in solution = 5


CURRENT VALUE OF MARQUARDT LAMBDA = 100.000 --------->

FROZEN PARAMETERS-
MR_REST = 1.80000


SINGULAR VALUES IN SOLUTION:-
        203042.        48197.3        8999.60        4230.52        457.177
TRUNCATED SINGULAR VALUES:-


MATRIX OF EIGENVECTORS IN SOLUTION:-
     0.00208882    -0.00234896    0.000253108       0.999955     0.00889946

      -0.999997    0.000324417   -3.97465e-05     0.00209979    -0.00113584

   -4.15465e-05   -0.000433605       0.999999   -0.000262730    0.000975121

   -0.000353682      -0.999773   -0.000454819    -0.00253598      0.0211569

    -0.00114720      0.0211794   -0.000968052    -0.00884511       0.999735


Number of singular values used in solution = 5


CURRENT VALUE OF MARQUARDT LAMBDA = 1000.00 --------->

FROZEN PARAMETERS-
MR_REST = 1.80000


SINGULAR VALUES IN SOLUTION:-
    1.93989e+06        481882.        89993.3        42089.1        1834.45
TRUNCATED SINGULAR VALUES:-


MATRIX OF EIGENVECTORS IN SOLUTION:-
    0.000221510   -0.000245719    2.65089e-05        1.00000    0.000930074

       -1.00000    3.42298e-05   -4.18629e-06    0.000221630   -0.000119917

   -4.20554e-06   -4.39446e-05        1.00000   -2.66107e-05    9.87733e-05

   -3.45335e-05      -0.999998   -4.41565e-05   -0.000247642     0.00207740

   -0.000120051     0.00207764   -9.87070e-05   -0.000929533       0.999997


Number of singular values used in solution = 5


CURRENT VALUE OF MARQUARDT LAMBDA = 1000.00 --------->

FROZEN PARAMETERS-
MR_REST = 1.80000


SINGULAR VALUES IN SOLUTION:-
    1.93989e+06        481882.        89993.3        42089.1        1834.45
TRUNCATED SINGULAR VALUES:-


MATRIX OF EIGENVECTORS IN SOLUTION:-
    0.000221510   -0.000245719    2.65089e-05        1.00000    0.000930074

       -1.00000    3.42298e-05   -4.18629e-06    0.000221630   -0.000119917

   -4.20554e-06   -4.39446e-05        1.00000   -2.66107e-05    9.87733e-05

   -3.45335e-05      -0.999998   -4.41565e-05   -0.000247642     0.00207740

   -0.000120051     0.00207764   -9.87070e-05   -0.000929533       0.999997


Number of singular values used in solution = 5


