     6     6     1
    0.062489 -8.17612e-06 -6.26151e-05 -0.000379722  0.000320358 -1.43639e-05
-8.17612e-06    0.0624898 -5.09776e-05  -0.00026365  0.000261357 -2.33688e-05
-6.26151e-05 -5.09776e-05     0.104658  -0.00775554   0.00538525  0.000356678
-0.000379722  -0.00026365  -0.00775554    0.0512016    0.0369947    0.0029372
 0.000320358  0.000261357   0.00538525    0.0369947    0.0307358  -0.00155794
-1.43639e-05 -2.33688e-05  0.000356678    0.0029372  -0.00155794       0.0565
* row and column names
mfgw_rest
mfgw_upland
mk_rest_l1
mk_rest_l2
mr_rest
mr_upland
