------------------------------------------------------------------------------
OPTIMISATION ITERATION NO.        : 1

CURRENT VALUE OF MARQUARDT LAMBDA = 0 --------->

FROZEN PARAMETERS-


SINGULAR VALUES IN SOLUTION:-
        4666.30        3.77719        1.03949       0.463566      0.0912187
TRUNCATED SINGULAR VALUES:-


MATRIX OF EIGENVECTORS IN SOLUTION:-
      0.0458047       0.857245       0.464073      -0.166106      -0.141696

      -0.420738    -0.00939383      0.0926694      -0.529145       0.730965

       0.890261      -0.131725       0.182733      -0.210019       0.335536

     -0.0939274      -0.438508       0.458768      -0.560552      -0.523643

       0.139623       0.235376      -0.729513      -0.578004      -0.242540


Number of singular values used in solution = 5


CURRENT VALUE OF MARQUARDT LAMBDA = 0.100000 --------->

FROZEN PARAMETERS-


SINGULAR VALUES IN SOLUTION:-
        4779.93        72.9977        39.9517        3.71295       0.481387
TRUNCATED SINGULAR VALUES:-


MATRIX OF EIGENVECTORS IN SOLUTION:-
      0.0453861       0.864435       0.453063      -0.162142      -0.138331

      -0.994490      0.0859018     -0.0523595     0.00949523      0.0278948

     -0.0931997      -0.495347       0.781857      -0.283215      -0.233310

      0.0153890     0.00187406      0.0816986      -0.495206       0.864787

     0.00245048    1.95687e-05      -0.417154      -0.805096      -0.421659


Number of singular values used in solution = 5


CURRENT VALUE OF MARQUARDT LAMBDA = 0.100000 --------->

FROZEN PARAMETERS-


SINGULAR VALUES IN SOLUTION:-
        4779.93        72.9977        39.9517        3.71295       0.481387
TRUNCATED SINGULAR VALUES:-


MATRIX OF EIGENVECTORS IN SOLUTION:-
      0.0453861       0.864435       0.453063      -0.162142      -0.138331

      -0.994490      0.0859018     -0.0523595     0.00949523      0.0278948

     -0.0931997      -0.495347       0.781857      -0.283215      -0.233310

      0.0153890     0.00187406      0.0816986      -0.495206       0.864787

     0.00245048    1.95687e-05      -0.417154      -0.805096      -0.421659


Number of singular values used in solution = 5


CURRENT VALUE OF MARQUARDT LAMBDA = 1.00000 --------->

FROZEN PARAMETERS-


SINGULAR VALUES IN SOLUTION:-
        5875.37        715.335        324.037        8.66033        2.31081
TRUNCATED SINGULAR VALUES:-


MATRIX OF EIGENVECTORS IN SOLUTION:-
      0.0410767       0.913512       0.366277      -0.130951      -0.111814

      -0.996925      0.0645173     -0.0402286      0.0133643      0.0134326

     -0.0667125      -0.401660       0.828303      -0.291356      -0.251486

    -0.00132679   -4.40520e-05      -0.217045       0.206780      -0.954008

    0.000497984    -0.00188816      -0.361979      -0.924676      -0.118070


Number of singular values used in solution = 5


CURRENT VALUE OF MARQUARDT LAMBDA = 1.00000 --------->

FROZEN PARAMETERS-


SINGULAR VALUES IN SOLUTION:-
        5875.37        715.335        324.037        8.66033        2.31081
TRUNCATED SINGULAR VALUES:-


MATRIX OF EIGENVECTORS IN SOLUTION:-
      0.0410767       0.913512       0.366277      -0.130951      -0.111814

      -0.996925      0.0645173     -0.0402286      0.0133643      0.0134326

     -0.0667125      -0.401660       0.828303      -0.291356      -0.251486

    -0.00132679   -4.40520e-05      -0.217045       0.206780      -0.954008

    0.000497984    -0.00188816      -0.361979      -0.924676      -0.118070


Number of singular values used in solution = 5


CURRENT VALUE OF MARQUARDT LAMBDA = 10.0000 --------->

FROZEN PARAMETERS-


SINGULAR VALUES IN SOLUTION:-
        18961.0        7119.46        1053.33        63.6149        14.6839
TRUNCATED SINGULAR VALUES:-


MATRIX OF EIGENVECTORS IN SOLUTION:-
      0.0164316       0.993182       0.104477     -0.0372617     -0.0318803

      -0.999760      0.0179903     -0.0112991     0.00391474     0.00356195

      0.0144669       0.115162      -0.905332       0.303977       0.272946

   -0.000153748   -0.000345076      -0.286467     0.00721595      -0.958063

   -0.000136125    -0.00203081      -0.295409      -0.951915      0.0811606


Number of singular values used in solution = 5


CURRENT VALUE OF MARQUARDT LAMBDA = 10.0000 --------->

FROZEN PARAMETERS-


SINGULAR VALUES IN SOLUTION:-
        18961.0        7119.46        1053.33        63.6149        14.6839
TRUNCATED SINGULAR VALUES:-


MATRIX OF EIGENVECTORS IN SOLUTION:-
      0.0164316       0.993182       0.104477     -0.0372617     -0.0318803

      -0.999760      0.0179903     -0.0112991     0.00391474     0.00356195

      0.0144669       0.115162      -0.905332       0.303977       0.272946

   -0.000153748   -0.000345076      -0.286467     0.00721595      -0.958063

   -0.000136125    -0.00203081      -0.295409      -0.951915      0.0811606


Number of singular values used in solution = 5


CURRENT VALUE OF MARQUARDT LAMBDA = 100.000 --------->

FROZEN PARAMETERS-


SINGULAR VALUES IN SOLUTION:-
        156361.        71112.1        1871.13        615.454        116.766
TRUNCATED SINGULAR VALUES:-


MATRIX OF EIGENVECTORS IN SOLUTION:-
     0.00216520       0.999909      0.0120219    -0.00428433    -0.00366786

      -0.999996     0.00218556    -0.00137544    0.000478475    0.000431061

     0.00153834      0.0131876      -0.941444       0.214462       0.259831

   -5.31493e-05   -0.000363208      -0.269630     -0.0171050      -0.962812

   -0.000160690    -0.00148318      -0.202078      -0.976573      0.0739410


Number of singular values used in solution = 5


CURRENT VALUE OF MARQUARDT LAMBDA = 100.000 --------->

FROZEN PARAMETERS-


SINGULAR VALUES IN SOLUTION:-
        156361.        71112.1        1871.13        615.454        116.766
TRUNCATED SINGULAR VALUES:-


MATRIX OF EIGENVECTORS IN SOLUTION:-
     0.00216520       0.999909      0.0120219    -0.00428433    -0.00366786

      -0.999996     0.00218556    -0.00137544    0.000478475    0.000431061

     0.00153834      0.0131876      -0.941444       0.214462       0.259831

   -5.31493e-05   -0.000363208      -0.269630     -0.0171050      -0.962812

   -0.000160690    -0.00148318      -0.202078      -0.976573      0.0739410


Number of singular values used in solution = 5


CURRENT VALUE OF MARQUARDT LAMBDA = 1000.00 --------->

FROZEN PARAMETERS-


SINGULAR VALUES IN SOLUTION:-
    1.53247e+06        711021.        8319.42        6089.74        815.337
TRUNCATED SINGULAR VALUES:-


MATRIX OF EIGENVECTORS IN SOLUTION:-
    0.000223128       0.999999     0.00121802   -0.000434037   -0.000371611

       -1.00000    0.000223337   -0.000140587    4.89259e-05    4.40340e-05

    0.000147918     0.00127814      -0.988806      0.0494853       0.140756

   -2.42720e-05   -0.000200213      -0.141446     -0.0107116      -0.989888

   -4.14963e-05   -0.000369105     -0.0474777      -0.998717      0.0175914


Number of singular values used in solution = 5


CURRENT VALUE OF MARQUARDT LAMBDA = 1000.00 --------->

FROZEN PARAMETERS-


SINGULAR VALUES IN SOLUTION:-
    1.53247e+06        711021.        8319.42        6089.74        815.337
TRUNCATED SINGULAR VALUES:-


MATRIX OF EIGENVECTORS IN SOLUTION:-
    0.000223128       0.999999     0.00121802   -0.000434037   -0.000371611

       -1.00000    0.000223337   -0.000140587    4.89259e-05    4.40340e-05

    0.000147918     0.00127814      -0.988806      0.0494853       0.140756

   -2.42720e-05   -0.000200213      -0.141446     -0.0107116      -0.989888

   -4.14963e-05   -0.000369105     -0.0474777      -0.998717      0.0175914


Number of singular values used in solution = 5


------------------------------------------------------------------------------
OPTIMISATION ITERATION NO.        : 2

CURRENT VALUE OF MARQUARDT LAMBDA = 0.00000 --------->

FROZEN PARAMETERS-


SINGULAR VALUES IN SOLUTION:-
        6038.48        5.22540        1.86631       0.511631       0.104717
TRUNCATED SINGULAR VALUES:-


MATRIX OF EIGENVECTORS IN SOLUTION:-
      -0.137382      -0.627259      -0.590647       0.481171      0.0853357

       0.553449       0.137931      -0.389253      -0.259710       0.675057

       0.764302      -0.377318       0.105535     -0.0537743      -0.509356

      -0.150154      -0.659193       0.496992      -0.363851       0.404389

       0.260991       0.103041       0.491405       0.752160       0.337701


Number of singular values used in solution = 5


CURRENT VALUE OF MARQUARDT LAMBDA = 0.100000 --------->

FROZEN PARAMETERS-


SINGULAR VALUES IN SOLUTION:-
        6060.48        46.6533        31.9290        4.73051        1.02416
TRUNCATED SINGULAR VALUES:-


MATRIX OF EIGENVECTORS IN SOLUTION:-
      -0.137872      -0.630435      -0.588588       0.479453      0.0850431

       0.964463      -0.259073      0.0169878     -0.0456370      0.0179146

      -0.220804      -0.730890       0.513861      -0.372620      -0.118944

     -0.0426515     -0.0346705      -0.159624      -0.412586       0.895138

      0.0151224     0.00559774       0.603112       0.677473       0.420746


Number of singular values used in solution = 5


CURRENT VALUE OF MARQUARDT LAMBDA = 0.100000 --------->

FROZEN PARAMETERS-


SINGULAR VALUES IN SOLUTION:-
        6060.48        46.6533        31.9290        4.73051        1.02416
TRUNCATED SINGULAR VALUES:-


MATRIX OF EIGENVECTORS IN SOLUTION:-
      -0.137872      -0.630435      -0.588588       0.479453      0.0850431

       0.964463      -0.259073      0.0169878     -0.0456370      0.0179146

      -0.220804      -0.730890       0.513861      -0.372620      -0.118944

     -0.0426515     -0.0346705      -0.159624      -0.412586       0.895138

      0.0151224     0.00559774       0.603112       0.677473       0.420746


Number of singular values used in solution = 5


CURRENT VALUE OF MARQUARDT LAMBDA = 1.00000 --------->

FROZEN PARAMETERS-


SINGULAR VALUES IN SOLUTION:-
        6268.16        442.834        298.117        16.2554        7.10853
TRUNCATED SINGULAR VALUES:-


MATRIX OF EIGENVECTORS IN SOLUTION:-
      -0.142090      -0.658891      -0.569328       0.463428      0.0823022

       0.958243      -0.278636      0.0483435     -0.0420429    -0.00518824

      -0.248096      -0.698700       0.522000      -0.413835     -0.0807663

    -0.00392170    -0.00437172     0.00436024      -0.176852       0.984210

     0.00363598     0.00487244       0.633266       0.762188       0.134187


Number of singular values used in solution = 5


CURRENT VALUE OF MARQUARDT LAMBDA = 1.00000 --------->

FROZEN PARAMETERS-


SINGULAR VALUES IN SOLUTION:-
        6268.16        442.834        298.117        16.2554        7.10853
TRUNCATED SINGULAR VALUES:-


MATRIX OF EIGENVECTORS IN SOLUTION:-
      -0.142090      -0.658891      -0.569328       0.463428      0.0823022

       0.958243      -0.278636      0.0483435     -0.0420429    -0.00518824

      -0.248096      -0.698700       0.522000      -0.413835     -0.0807663

    -0.00392170    -0.00437172     0.00436024      -0.176852       0.984210

     0.00363598     0.00487244       0.633266       0.762188       0.134187


Number of singular values used in solution = 5


CURRENT VALUE OF MARQUARDT LAMBDA = 10.0000 --------->

FROZEN PARAMETERS-


SINGULAR VALUES IN SOLUTION:-
        9268.02        4389.84        2053.12        135.608        62.5103
TRUNCATED SINGULAR VALUES:-


MATRIX OF EIGENVECTORS IN SOLUTION:-
      -0.155971      -0.871183      -0.359433       0.291211      0.0521202

      -0.978322       0.201249     -0.0376576      0.0306447     0.00528764

      -0.136225      -0.447794       0.687770      -0.545419      -0.102047

   -0.000579073    -0.00129052       0.100726     -0.0576153       0.993244

    -0.00136329    -0.00411190      -0.621463      -0.783234      0.0175842


Number of singular values used in solution = 5


CURRENT VALUE OF MARQUARDT LAMBDA = 10.0000 --------->

FROZEN PARAMETERS-


SINGULAR VALUES IN SOLUTION:-
        9268.02        4389.84        2053.12        135.608        62.5103
TRUNCATED SINGULAR VALUES:-


MATRIX OF EIGENVECTORS IN SOLUTION:-
      -0.155971      -0.871183      -0.359433       0.291211      0.0521202

      -0.978322       0.201249     -0.0376576      0.0306447     0.00528764

      -0.136225      -0.447794       0.687770      -0.545419      -0.102047

   -0.000579073    -0.00129052       0.100726     -0.0576153       0.993244

    -0.00136329    -0.00411190      -0.621463      -0.783234      0.0175842


Number of singular values used in solution = 5


CURRENT VALUE OF MARQUARDT LAMBDA = 100.000 --------->

FROZEN PARAMETERS-


SINGULAR VALUES IN SOLUTION:-
        55040.5        43583.5        4122.13        1330.45        598.601
TRUNCATED SINGULAR VALUES:-


MATRIX OF EIGENVECTORS IN SOLUTION:-
     -0.0485544      -0.997156     -0.0445671      0.0359724     0.00647592

      -0.998703      0.0493525    -0.00966239     0.00781356     0.00138542

     -0.0152729     -0.0568143       0.809943      -0.567838      -0.134502

    0.000322887     0.00112955      -0.130289      0.0486044      -0.990283

    -0.00104987    -0.00385955      -0.570033      -0.820879      0.0347030


Number of singular values used in solution = 5


CURRENT VALUE OF MARQUARDT LAMBDA = 100.000 --------->

FROZEN PARAMETERS-


SINGULAR VALUES IN SOLUTION:-
        55040.5        43583.5        4122.13        1330.45        598.601
TRUNCATED SINGULAR VALUES:-


MATRIX OF EIGENVECTORS IN SOLUTION:-
     -0.0485544      -0.997156     -0.0445671      0.0359724     0.00647592

      -0.998703      0.0493525    -0.00966239     0.00781356     0.00138542

     -0.0152729     -0.0568143       0.809943      -0.567838      -0.134502

    0.000322887     0.00112955      -0.130289      0.0486044      -0.990283

    -0.00104987    -0.00385955      -0.570033      -0.820879      0.0347030


Number of singular values used in solution = 5


CURRENT VALUE OF MARQUARDT LAMBDA = 1000.00 --------->

FROZEN PARAMETERS-


SINGULAR VALUES IN SOLUTION:-
        527105.        434961.        13481.8        11751.2        5037.86
TRUNCATED SINGULAR VALUES:-


MATRIX OF EIGENVECTORS IN SOLUTION:-
     0.00568507       0.999968     0.00435424    -0.00351304   -0.000632850

      -0.999983     0.00569337    -0.00112814    0.000911724    0.000162069

    0.000459581     0.00173973      -0.199403      0.0727618       0.977211

    -0.00128714    -0.00485106       0.944915      -0.249821       0.211423

   -0.000597263    -0.00224666      -0.259526      -0.965548      0.0189408


Number of singular values used in solution = 5


CURRENT VALUE OF MARQUARDT LAMBDA = 1000.00 --------->

FROZEN PARAMETERS-


SINGULAR VALUES IN SOLUTION:-
        527105.        434961.        13481.8        11751.2        5037.86
TRUNCATED SINGULAR VALUES:-


MATRIX OF EIGENVECTORS IN SOLUTION:-
     0.00568507       0.999968     0.00435424    -0.00351304   -0.000632850

      -0.999983     0.00569337    -0.00112814    0.000911724    0.000162069

    0.000459581     0.00173973      -0.199403      0.0727618       0.977211

    -0.00128714    -0.00485106       0.944915      -0.249821       0.211423

   -0.000597263    -0.00224666      -0.259526      -0.965548      0.0189408


Number of singular values used in solution = 5


------------------------------------------------------------------------------
OPTIMISATION ITERATION NO.        : 3

CURRENT VALUE OF MARQUARDT LAMBDA = 0.00000 --------->

FROZEN PARAMETERS-


SINGULAR VALUES IN SOLUTION:-
        7864.43        1.74460        1.10463       0.443705       0.171252
TRUNCATED SINGULAR VALUES:-


MATRIX OF EIGENVECTORS IN SOLUTION:-
      0.0395947       0.759639       0.524393      -0.378522     -0.0558038

      0.0728410       0.164507      -0.257084      -0.156461       0.936514

      -0.962724       0.202639      -0.153762      0.0911324      0.0123001

      -0.233549      -0.555812       0.299910      -0.735472      0.0752537

       0.108365       0.214235      -0.738466      -0.531993      -0.337657


Number of singular values used in solution = 5


CURRENT VALUE OF MARQUARDT LAMBDA = 0.0100000 --------->

FROZEN PARAMETERS-
MFGW = 1.66670
MR_UPLAND = 0.200000


SINGULAR VALUES IN SOLUTION:-
        6206.11        7.14699       0.303196
TRUNCATED SINGULAR VALUES:-


MATRIX OF EIGENVECTORS IN SOLUTION:-
       0.779615       0.491279      -0.388387

       0.626257      -0.610370       0.485025

     0.00122259      -0.621364      -0.783521


Number of singular values used in solution = 3


CURRENT VALUE OF MARQUARDT LAMBDA = 0.0100000 --------->

FROZEN PARAMETERS-
MFGW = 1.66670
MR_UPLAND = 0.200000
MK_REST_L1 = 0.111111
MR_REST = 2.00000


SINGULAR VALUES IN SOLUTION:-
        1.00004
TRUNCATED SINGULAR VALUES:-


MATRIX OF EIGENVECTORS IN SOLUTION:-
       -1.00000


Number of singular values used in solution = 1


CURRENT VALUE OF MARQUARDT LAMBDA = 0.100000 --------->

FROZEN PARAMETERS-
MFGW = 1.66670
MR_UPLAND = 0.200000


SINGULAR VALUES IN SOLUTION:-
        6300.81        66.9161       0.643189
TRUNCATED SINGULAR VALUES:-


MATRIX OF EIGENVECTORS IN SOLUTION:-
       0.787096       0.483892      -0.382529

       0.616830      -0.618419       0.486907

   -0.000952509      -0.619198      -0.785234


Number of singular values used in solution = 3


CURRENT VALUE OF MARQUARDT LAMBDA = 0.100000 --------->

FROZEN PARAMETERS-
MFGW = 1.66670
MR_UPLAND = 0.200000
MK_REST_L1 = 0.111111
MR_REST = 2.00000


SINGULAR VALUES IN SOLUTION:-
        1.00039
TRUNCATED SINGULAR VALUES:-


MATRIX OF EIGENVECTORS IN SOLUTION:-
       -1.00000


Number of singular values used in solution = 1


CURRENT VALUE OF MARQUARDT LAMBDA = 1.00000 --------->

FROZEN PARAMETERS-
MFGW = 1.66670
MR_UPLAND = 0.200000


SINGULAR VALUES IN SOLUTION:-
        7340.06        572.380        4.04122
TRUNCATED SINGULAR VALUES:-


MATRIX OF EIGENVECTORS IN SOLUTION:-
       0.850653       0.412489      -0.325949

       0.525727      -0.668809       0.525648

    -0.00117380      -0.618504      -0.785781


Number of singular values used in solution = 3


CURRENT VALUE OF MARQUARDT LAMBDA = 1.00000 --------->

FROZEN PARAMETERS-
MFGW = 1.66670
MR_UPLAND = 0.200000
MK_REST_L1 = 0.111111
MR_REST = 2.00000


SINGULAR VALUES IN SOLUTION:-
        1.00391
TRUNCATED SINGULAR VALUES:-


MATRIX OF EIGENVECTORS IN SOLUTION:-
       -1.00000


Number of singular values used in solution = 1


CURRENT VALUE OF MARQUARDT LAMBDA = 10.0000 --------->

FROZEN PARAMETERS-
MFGW = 1.66670
MR_UPLAND = 0.200000


SINGULAR VALUES IN SOLUTION:-
        21360.8        1998.83        37.9224
TRUNCATED SINGULAR VALUES:-


MATRIX OF EIGENVECTORS IN SOLUTION:-
       0.987389       0.124266     -0.0980840

      -0.158307       0.779693      -0.605820

    -0.00119243      -0.613707      -0.789533


Number of singular values used in solution = 3


CURRENT VALUE OF MARQUARDT LAMBDA = 10.0000 --------->

FROZEN PARAMETERS-
MFGW = 1.66670
MR_UPLAND = 0.200000
MK_REST_L1 = 0.111111
MR_REST = 2.00000


SINGULAR VALUES IN SOLUTION:-
        1.03910
TRUNCATED SINGULAR VALUES:-


MATRIX OF EIGENVECTORS IN SOLUTION:-
       -1.00000


Number of singular values used in solution = 1


CURRENT VALUE OF MARQUARDT LAMBDA = 100.000 --------->

FROZEN PARAMETERS-
MFGW = 1.66670
MR_UPLAND = 0.200000


SINGULAR VALUES IN SOLUTION:-
        174989.        2852.33        367.183
TRUNCATED SINGULAR VALUES:-


MATRIX OF EIGENVECTORS IN SOLUTION:-
      -0.999845     -0.0138045      0.0108921

     -0.0175462       0.823877      -0.566497

    -0.00115354      -0.566600      -0.823992


Number of singular values used in solution = 3


CURRENT VALUE OF MARQUARDT LAMBDA = 100.000 --------->

FROZEN PARAMETERS-
MFGW = 1.66670
MR_UPLAND = 0.200000


SINGULAR VALUES IN SOLUTION:-
        174989.        2852.33        367.183
TRUNCATED SINGULAR VALUES:-


MATRIX OF EIGENVECTORS IN SOLUTION:-
      -0.999845     -0.0138045      0.0108921

     -0.0175462       0.823877      -0.566497

    -0.00115354      -0.566600      -0.823992


Number of singular values used in solution = 3


CURRENT VALUE OF MARQUARDT LAMBDA = 1000.00 --------->

FROZEN PARAMETERS-
MFGW = 1.66670
MR_UPLAND = 0.200000


SINGULAR VALUES IN SOLUTION:-
    1.71554e+06        7691.64        3083.06
TRUNCATED SINGULAR VALUES:-


MATRIX OF EIGENVECTORS IN SOLUTION:-
      -0.999998    -0.00139070     0.00109726

    -0.00163279       0.963850      -0.266440

   -0.000687051      -0.266442      -0.963851


Number of singular values used in solution = 3


CURRENT VALUE OF MARQUARDT LAMBDA = 1000.00 --------->

FROZEN PARAMETERS-
MFGW = 1.66670
MR_UPLAND = 0.200000


SINGULAR VALUES IN SOLUTION:-
    1.71554e+06        7691.64        3083.06
TRUNCATED SINGULAR VALUES:-


MATRIX OF EIGENVECTORS IN SOLUTION:-
      -0.999998    -0.00139070     0.00109726

    -0.00163279       0.963850      -0.266440

   -0.000687051      -0.266442      -0.963851


Number of singular values used in solution = 3


------------------------------------------------------------------------------
OPTIMISATION ITERATION NO.        : 4

CURRENT VALUE OF MARQUARDT LAMBDA = 0.00000 --------->

FROZEN PARAMETERS-


SINGULAR VALUES IN SOLUTION:-
        7512.76        2.20816        1.34506       0.481820       0.139851
TRUNCATED SINGULAR VALUES:-


MATRIX OF EIGENVECTORS IN SOLUTION:-
      0.0503926       0.727572       0.556515      -0.392264     -0.0672204

     -0.0249657       0.326319      -0.332067     -0.0206197       0.884420

      -0.905799       0.278374      -0.151296       0.216171      -0.180045

      -0.385714      -0.467091       0.133223      -0.760108       0.193751

       0.166105       0.261702      -0.734428      -0.470330      -0.378586


Number of singular values used in solution = 5


CURRENT VALUE OF MARQUARDT LAMBDA = 0.0100000 --------->

FROZEN PARAMETERS-
MFGW = 1.66670
MK_REST_L1 = 0.111111
MR_UPLAND = 0.200000


SINGULAR VALUES IN SOLUTION:-
        2315.35       0.286352
TRUNCATED SINGULAR VALUES:-


MATRIX OF EIGENVECTORS IN SOLUTION:-
       0.768137      -0.640286

       0.640286       0.768137


Number of singular values used in solution = 2


CURRENT VALUE OF MARQUARDT LAMBDA = 0.0100000 --------->

FROZEN PARAMETERS-
MFGW = 1.66670
MK_REST_L1 = 0.111111
MR_UPLAND = 0.200000
MR_REST = 2.00000


SINGULAR VALUES IN SOLUTION:-
        1.00004
TRUNCATED SINGULAR VALUES:-


MATRIX OF EIGENVECTORS IN SOLUTION:-
       -1.00000


Number of singular values used in solution = 1


CURRENT VALUE OF MARQUARDT LAMBDA = 0.100000 --------->

FROZEN PARAMETERS-
MFGW = 1.66670
MK_REST_L1 = 0.111111
MR_UPLAND = 0.200000


SINGULAR VALUES IN SOLUTION:-
        2315.75       0.641255
TRUNCATED SINGULAR VALUES:-


MATRIX OF EIGENVECTORS IN SOLUTION:-
       0.768173      -0.640242

       0.640242       0.768173


Number of singular values used in solution = 2


CURRENT VALUE OF MARQUARDT LAMBDA = 0.100000 --------->

FROZEN PARAMETERS-
MFGW = 1.66670
MK_REST_L1 = 0.111111
MR_UPLAND = 0.200000
MR_REST = 2.00000


SINGULAR VALUES IN SOLUTION:-
        1.00042
TRUNCATED SINGULAR VALUES:-


MATRIX OF EIGENVECTORS IN SOLUTION:-
       -1.00000


Number of singular values used in solution = 1


CURRENT VALUE OF MARQUARDT LAMBDA = 1.00000 --------->

FROZEN PARAMETERS-
MFGW = 1.66670
MK_REST_L1 = 0.111111
MR_UPLAND = 0.200000


SINGULAR VALUES IN SOLUTION:-
        2319.79        4.18945
TRUNCATED SINGULAR VALUES:-


MATRIX OF EIGENVECTORS IN SOLUTION:-
       0.768540      -0.639802

       0.639802       0.768540


Number of singular values used in solution = 2


CURRENT VALUE OF MARQUARDT LAMBDA = 1.00000 --------->

FROZEN PARAMETERS-
MFGW = 1.66670
MK_REST_L1 = 0.111111
MR_UPLAND = 0.200000
MR_REST = 2.00000


SINGULAR VALUES IN SOLUTION:-
        1.00418
TRUNCATED SINGULAR VALUES:-


MATRIX OF EIGENVECTORS IN SOLUTION:-
       -1.00000


Number of singular values used in solution = 1


CURRENT VALUE OF MARQUARDT LAMBDA = 10.0000 --------->

FROZEN PARAMETERS-
MFGW = 1.66670
MK_REST_L1 = 0.111111
MR_UPLAND = 0.200000


SINGULAR VALUES IN SOLUTION:-
        2360.23        39.5880
TRUNCATED SINGULAR VALUES:-


MATRIX OF EIGENVECTORS IN SOLUTION:-
       0.772184      -0.635400

       0.635400       0.772184


Number of singular values used in solution = 2


CURRENT VALUE OF MARQUARDT LAMBDA = 10.0000 --------->

FROZEN PARAMETERS-
MFGW = 1.66670
MK_REST_L1 = 0.111111
MR_UPLAND = 0.200000
MR_REST = 2.00000


SINGULAR VALUES IN SOLUTION:-
        1.04181
TRUNCATED SINGULAR VALUES:-


MATRIX OF EIGENVECTORS IN SOLUTION:-
       -1.00000


Number of singular values used in solution = 1


CURRENT VALUE OF MARQUARDT LAMBDA = 100.000 --------->

FROZEN PARAMETERS-
MFGW = 1.66670
MK_REST_L1 = 0.111111
MR_UPLAND = 0.200000


SINGULAR VALUES IN SOLUTION:-
        2772.74        385.461
TRUNCATED SINGULAR VALUES:-


MATRIX OF EIGENVECTORS IN SOLUTION:-
       0.806266      -0.591553

       0.591553       0.806266


Number of singular values used in solution = 2


CURRENT VALUE OF MARQUARDT LAMBDA = 100.000 --------->

FROZEN PARAMETERS-
MFGW = 1.66670
MK_REST_L1 = 0.111111
MR_UPLAND = 0.200000
MR_REST = 2.00000


SINGULAR VALUES IN SOLUTION:-
        1.41806
TRUNCATED SINGULAR VALUES:-


MATRIX OF EIGENVECTORS IN SOLUTION:-
       -1.00000


Number of singular values used in solution = 1


CURRENT VALUE OF MARQUARDT LAMBDA = 1000.00 --------->

FROZEN PARAMETERS-
MFGW = 1.66670
MK_REST_L1 = 0.111111
MR_UPLAND = 0.200000


SINGULAR VALUES IN SOLUTION:-
        7422.67        3319.38
TRUNCATED SINGULAR VALUES:-


MATRIX OF EIGENVECTORS IN SOLUTION:-
       0.957044      -0.289942

      -0.289942      -0.957044


Number of singular values used in solution = 2


CURRENT VALUE OF MARQUARDT LAMBDA = 1000.00 --------->

FROZEN PARAMETERS-
MFGW = 1.66670
MK_REST_L1 = 0.111111
MR_UPLAND = 0.200000
MR_REST = 2.00000


SINGULAR VALUES IN SOLUTION:-
        5.18060
TRUNCATED SINGULAR VALUES:-


MATRIX OF EIGENVECTORS IN SOLUTION:-
       -1.00000


Number of singular values used in solution = 1


