     8     8     1
   0.0624903 -2.36325e-18 -1.09669e-05 -0.000360268 -8.26207e-07  -1.2621e-06  0.000220864 -5.28559e-07
-2.36325e-18       0.0625 -6.93447e-18 -5.23918e-17 -2.06783e-19 -7.80281e-19  8.22843e-17 -8.89361e-18
-1.09669e-05 -6.93447e-18     0.105745  -0.00119974 -3.86851e-06 -1.38168e-05  0.000806372  5.22592e-06
-0.000360268 -5.23918e-17  -0.00119974    0.0442432 -0.000219315 -0.000668362    0.0367478   0.00128662
-8.26207e-07 -2.06783e-19 -3.86851e-06 -0.000219315     0.105791 -3.19445e-06  0.000126312  5.20765e-06
 -1.2621e-06 -7.80281e-19 -1.38168e-05 -0.000668362 -3.19445e-06    0.0624888  0.000389926  1.46793e-05
 0.000220864  8.22843e-17  0.000806372    0.0367478  0.000126312  0.000389926    0.0334673 -0.000579753
-5.28559e-07 -8.89361e-18  5.22592e-06   0.00128662  5.20765e-06  1.46793e-05 -0.000579753    0.0568421
* row and column names
mfgw_rest
mfgw_upland
mk_rest_l1
mk_rest_l2
mk_ring_l1
mk_ring_l2
mr_rest
mr_upland
