     8     8     1
   0.0624903 -2.35545e-18 -1.09625e-05 -0.000360229 -8.25626e-07 -1.25969e-06  0.000220847 -5.22597e-07
-2.35545e-18       0.0625 -6.93609e-18 -5.22694e-17 -2.06378e-19 -7.81147e-19  8.22604e-17 -8.89095e-18
-1.09625e-05 -6.93609e-18     0.105745  -0.00119974 -3.86987e-06 -1.38248e-05  0.000806404  5.21015e-06
-0.000360229 -5.22694e-17  -0.00119974    0.0442437 -0.000219313 -0.000668369    0.0367477   0.00128662
-8.25626e-07 -2.06378e-19 -3.86987e-06 -0.000219313     0.105791 -3.19568e-06  0.000126315  5.20596e-06
-1.25969e-06 -7.81147e-19 -1.38248e-05 -0.000668369 -3.19568e-06    0.0624888  0.000389948  1.46693e-05
 0.000220847  8.22604e-17  0.000806404    0.0367477  0.000126315  0.000389948    0.0334672 -0.000579721
-5.22597e-07 -8.89095e-18  5.21015e-06   0.00128662  5.20596e-06  1.46693e-05 -0.000579721    0.0568421
* row and column names
mfgw_rest
mfgw_upland
mk_rest_l1
mk_rest_l2
mk_ring_l1
mk_ring_l2
mr_rest
mr_upland
