     8     8     1
   0.0624963  1.06741e-18 -7.60183e-06 -0.000218937  2.98555e-07 -4.97608e-07  0.000137663 -1.26023e-06
 1.06741e-18       0.0625 -1.74292e-18 -2.47777e-16 -1.55206e-18 -4.14607e-18  8.25026e-17  2.09035e-17
-7.60183e-06 -1.74292e-18     0.105719  -0.00155103 -3.74899e-06  -1.9112e-05   0.00104494  1.39019e-05
-0.000218937 -2.47777e-16  -0.00155103    0.0436758 -0.000116657 -0.000626522    0.0365396   0.00195177
 2.98555e-07 -1.55206e-18 -3.74899e-06 -0.000116657     0.105792 -2.58046e-06  6.01505e-05  5.31568e-06
-4.97608e-07 -4.14607e-18  -1.9112e-05 -0.000626522 -2.58046e-06    0.0624895  0.000367535  1.97429e-05
 0.000137663  8.25026e-17   0.00104494    0.0365396  6.01505e-05  0.000367535    0.0336975 -0.000851388
-1.26023e-06  2.09035e-17  1.39019e-05   0.00195177  5.31568e-06  1.97429e-05 -0.000851388    0.0567643
* row and column names
mfgw_rest
mfgw_upland
mk_rest_l1
mk_rest_l2
mk_ring_l1
mk_ring_l2
mr_rest
mr_upland
