     8     8     1
    0.062484            0 -1.83134e-05 -0.000335132  -2.5419e-06 -3.12376e-06  0.000339981 -4.62682e-05
           0       0.0625            0            0            0            0            0            0
-1.83134e-05            0     0.105683   -0.0022771 -1.29114e-05 -2.95281e-05   0.00148704  0.000252583
-0.000335132            0   -0.0022771    0.0385342 -0.000280257 -0.000659512    0.0316504    0.0122497
 -2.5419e-06            0 -1.29114e-05 -0.000280257     0.105789 -5.83512e-06  0.000237149  1.87915e-05
-3.12376e-06            0 -2.95281e-05 -0.000659512 -5.83512e-06    0.0624869  0.000464376  6.88029e-05
 0.000339981            0   0.00148704    0.0316504  0.000237149  0.000464376    0.0319264  -0.00245179
-4.62682e-05            0  0.000252583    0.0122497  1.87915e-05  6.88029e-05  -0.00245179    0.0530536
* row and column names
mfgw_rest
mfgw_upland
mk_rest_l1
mk_rest_l2
mk_ring_l1
mk_ring_l2
mr_rest
mr_upland
