     8     8     1
   0.0624934 -6.93022e-20 -9.50566e-06   -0.0002837 -1.00797e-07 -5.43993e-07  0.000172135 -1.30192e-06
-6.93022e-20       0.0625 -3.90066e-18 -2.03354e-16 -7.38327e-19 -2.92264e-18  7.83524e-17  1.05331e-17
-9.50566e-06 -3.90066e-18     0.105721  -0.00143418 -4.12681e-06 -1.77079e-05  0.000987059  3.03612e-06
  -0.0002837 -2.03354e-16  -0.00143418    0.0441088 -0.000161259 -0.000663546    0.0367478   0.00129553
-1.00797e-07 -7.38327e-19 -4.12681e-06 -0.000161259     0.105792 -2.82915e-06  9.34806e-05  3.83112e-06
-5.43993e-07 -2.92264e-18 -1.77079e-05 -0.000663546 -2.82915e-06    0.0624885   0.00038696  1.50056e-05
 0.000172135  7.83524e-17  0.000987059    0.0367478  9.34806e-05   0.00038696    0.0332686 -0.000556734
-1.30192e-06  1.05331e-17  3.03612e-06   0.00129553  3.83112e-06  1.50056e-05 -0.000556734    0.0568363
* row and column names
mfgw_rest
mfgw_upland
mk_rest_l1
mk_rest_l2
mk_ring_l1
mk_ring_l2
mr_rest
mr_upland
