     8     8     1
   0.0624955            0 -8.11402e-06 -0.000198498 -1.34258e-07 -7.50627e-08  0.000129676 -4.55446e-06
           0       0.0625            0            0            0            0            0            0
-8.11402e-06            0     0.105712  -0.00166773 -3.96754e-06 -2.10441e-05   0.00114783  1.95957e-05
-0.000198498            0  -0.00166773    0.0440761 -9.97433e-05 -0.000648969    0.0365018   0.00249344
-1.34258e-07            0 -3.96754e-06 -9.97433e-05     0.105792 -2.00951e-06  6.76774e-05  1.65229e-06
-7.50627e-08            0 -2.10441e-05 -0.000648969 -2.00951e-06    0.0624889  0.000390742  2.53443e-05
 0.000129676            0   0.00114783    0.0365018  6.76774e-05  0.000390742    0.0331123  -0.00101424
-4.55446e-06            0  1.95957e-05   0.00249344  1.65229e-06  2.53443e-05  -0.00101424     0.056659
* row and column names
mfgw_rest
mfgw_upland
mk_rest_l1
mk_rest_l2
mk_ring_l1
mk_ring_l2
mr_rest
mr_upland
