     9     9     1
    0.062486 -1.50231e-05 -0.000426817 -6.92633e-08 -5.36189e-07   2.1823e-06  1.38732e-05   0.00028563  2.48345e-06
-1.50231e-05     0.105692  -0.00201091 -5.97079e-06 -2.12401e-05 -3.10937e-06  -1.5604e-05    0.0013815  0.000214555
-0.000426817  -0.00201091    0.0420271 -0.000160796 -0.000515406  0.000154061   0.00118693    0.0333051    0.0114456
-6.92633e-08 -5.97079e-06 -0.000160796     0.105792 -2.43164e-06  2.74094e-07  2.39442e-06  8.70181e-05  2.71231e-05
-5.36189e-07 -2.12401e-05 -0.000515406 -2.43164e-06    0.0624915  5.88584e-07  5.57819e-06   0.00030897  6.69782e-05
  2.1823e-06 -3.10937e-06  0.000154061  2.74094e-07  5.88584e-07    0.0933018 -3.35269e-05  8.12875e-06 -3.82717e-05
 1.38732e-05  -1.5604e-05   0.00118693  2.39442e-06  5.57819e-06 -3.35269e-05    0.0930925 -2.83374e-05  -0.00030601
  0.00028563    0.0013815    0.0333051  8.70181e-05   0.00030897  8.12875e-06 -2.83374e-05    0.0323455  -0.00316902
 2.48345e-06  0.000214555    0.0114456  2.71231e-05  6.69782e-05 -3.82717e-05  -0.00030601  -0.00316902    0.0529285
* row and column names
mfgw
mk_rest_l1
mk_rest_l2
mk_ring_l1
mk_ring_l2
mk_upland_l1
mk_upland_l2
mr_rest
mr_upland
