     9     9     1
   0.0624927 -8.41811e-06 -0.000310316  3.46647e-08 -9.58382e-08  1.01688e-06  6.82839e-06  0.000183595  1.50109e-06
-8.41811e-06     0.105695  -0.00167918 -5.31063e-06 -2.16979e-05 -4.66753e-06 -2.58021e-05   0.00122032  1.04566e-05
-0.000310316  -0.00167918     0.046115  -9.9493e-05 -0.000570359  0.000165815  0.000713077    0.0368766   0.00311557
 3.46647e-08 -5.31063e-06  -9.9493e-05     0.105792 -2.40246e-06 -2.62436e-07 -9.49484e-07   7.0572e-05 -1.12346e-06
-9.58382e-08 -2.16979e-05 -0.000570359 -2.40246e-06    0.0624893   9.5255e-07   3.8634e-06  0.000353892   2.5506e-05
 1.01688e-06 -4.66753e-06  0.000165815 -2.62436e-07   9.5255e-07     0.093303 -1.91105e-05  -3.1184e-05 -3.53751e-05
 6.82839e-06 -2.58021e-05  0.000713077 -9.49484e-07   3.8634e-06 -1.91105e-05    0.0932126 -0.000111591 -0.000138869
 0.000183595   0.00122032    0.0368766   7.0572e-05  0.000353892  -3.1184e-05 -0.000111591    0.0321002  -0.00133214
 1.50109e-06  1.04566e-05   0.00311557 -1.12346e-06   2.5506e-05 -3.53751e-05 -0.000138869  -0.00133214    0.0563829
* row and column names
mfgw
mk_rest_l1
mk_rest_l2
mk_ring_l1
mk_ring_l2
mk_upland_l1
mk_upland_l2
mr_rest
mr_upland
