     9     9     1
   0.0624871 -7.87531e-06 -0.000422336 -2.63027e-07 -1.09787e-06  5.05598e-07  3.61811e-06  0.000246262 -5.38237e-07
-7.87531e-06     0.105749 -0.000886753 -1.95298e-06   -1.035e-05 -3.75054e-06 -1.09616e-05  0.000624295 -1.29909e-05
-0.000422336 -0.000886753    0.0456066 -0.000169282  -0.00068888  9.12958e-05  0.000270817    0.0372219   0.00127352
-2.63027e-07 -1.95298e-06 -0.000169282     0.105792 -3.10622e-06  4.76084e-07  1.41018e-06  9.94784e-05  5.46392e-06
-1.09787e-06   -1.035e-05  -0.00068888 -3.10622e-06    0.0624869  1.20772e-06  3.69545e-06  0.000411706   1.6274e-05
 5.05598e-07 -3.75054e-06  9.12958e-05  4.76084e-07  1.20772e-06     0.093305 -5.61841e-06 -2.80305e-05 -1.53884e-05
 3.61811e-06 -1.09616e-05  0.000270817  1.41018e-06  3.69545e-06 -5.61841e-06    0.0932831 -8.10618e-05 -2.98957e-05
 0.000246262  0.000624295    0.0372219  9.94784e-05  0.000411706 -2.80305e-05 -8.10618e-05    0.0330588 -0.000635275
-5.38237e-07 -1.29909e-05   0.00127352  5.46392e-06   1.6274e-05 -1.53884e-05 -2.98957e-05 -0.000635275    0.0567653
* row and column names
mfgw
mk_rest_l1
mk_rest_l2
mk_ring_l1
mk_ring_l2
mk_upland_l1
mk_upland_l2
mr_rest
mr_upland
