     8     8     1
   0.0624935 -2.07568e-18 -3.86409e-06 -0.000374447 -3.89323e-07 -2.07568e-18  0.000272076  1.23507e-06
-2.07568e-18       0.0625 -2.96268e-18 -4.52031e-17 -1.12684e-19  -1.8863e-29  6.09578e-17  3.45503e-19
-3.86409e-06 -2.96268e-18     0.105777 -0.000651247 -5.78035e-07 -2.96268e-18  0.000559058 -2.19871e-08
-0.000374447 -4.52031e-17 -0.000651247    0.0508485 -4.44488e-05 -4.52031e-17    0.0390765  5.97169e-05
-3.89323e-07 -1.12684e-19 -5.78035e-07 -4.44488e-05     0.105792 -1.12684e-19  3.25174e-05  5.60575e-08
-2.07568e-18  -1.8863e-29 -2.96268e-18 -4.52031e-17 -1.12684e-19       0.0625  6.09578e-17  3.45503e-19
 0.000272076  6.09578e-17  0.000559058    0.0390765  3.25174e-05  6.09578e-17    0.0327935 -3.57608e-05
 1.23507e-06  3.45503e-19 -2.19871e-08  5.97169e-05  5.60575e-08  3.45503e-19 -3.57608e-05    0.0624997
* row and column names
mfgw_rest
mfgw_upland
mk_rest_l1
mk_rest_l2
mk_ring_l1
mk_ring_l2
mr_rest
mr_upland
