     8     8     1
   0.0624935 -2.07314e-18  -3.8642e-06 -0.000374446 -3.89268e-07 -2.07314e-18  0.000272071  1.23485e-06
-2.07314e-18       0.0625 -2.96282e-18 -4.51967e-17 -1.12611e-19 -1.88609e-29  6.09462e-17  3.44925e-19
 -3.8642e-06 -2.96282e-18     0.105777 -0.000651244 -5.78074e-07 -2.96282e-18  0.000559057 -2.19824e-08
-0.000374446 -4.51967e-17 -0.000651244    0.0508484 -4.44488e-05 -4.51967e-17    0.0390765  5.97174e-05
-3.89268e-07 -1.12611e-19 -5.78074e-07 -4.44488e-05     0.105792 -1.12611e-19  3.25173e-05  5.60458e-08
-2.07314e-18 -1.88609e-29 -2.96282e-18 -4.51967e-17 -1.12611e-19       0.0625  6.09462e-17  3.44925e-19
 0.000272071  6.09462e-17  0.000559057    0.0390765  3.25173e-05  6.09462e-17    0.0327935 -3.57598e-05
 1.23485e-06  3.44925e-19 -2.19824e-08  5.97174e-05  5.60458e-08  3.44925e-19 -3.57598e-05    0.0624997
* row and column names
mfgw_rest
mfgw_upland
mk_rest_l1
mk_rest_l2
mk_ring_l1
mk_ring_l2
mr_rest
mr_upland
