------------------------------------------------------------------------------
OPTIMISATION ITERATION NO.        : 1

CURRENT VALUE OF MARQUARDT LAMBDA = 0 --------->

FROZEN PARAMETERS-


SINGULAR VALUES IN SOLUTION:-
        645.776        5.22370        1.63723       0.677443       0.478476       0.147492
TRUNCATED SINGULAR VALUES:-
        0.00000


MATRIX OF EIGENVECTORS IN SOLUTION:-
      -0.151832    0.000454585      -0.428875      -0.704216      0.0952629       0.461047       0.274688

     -0.0711662     0.00301792       0.598232      -0.215117       0.534064      -0.210415       0.511147

      -0.710431     0.00252757      0.0715338      0.0514666       0.419217       0.145715      -0.539017

       0.679510     0.00292709      0.0919453      -0.190990       0.459920       0.212403      -0.486502

      0.0465431     0.00345894      -0.664320       0.186504       0.506798      -0.498564       0.127697

      0.0571845     0.00132377     -0.0573813       0.619593       0.248091       0.654406       0.346041


Number of singular values used in solution = 6


CURRENT VALUE OF MARQUARDT LAMBDA = 0.100000 --------->

FROZEN PARAMETERS-


SINGULAR VALUES IN SOLUTION:-
        658.203        50.3661        26.6136        7.78128        2.19648       0.267625     0.00814458
TRUNCATED SINGULAR VALUES:-


MATRIX OF EIGENVECTORS IN SOLUTION:-
      -0.155073    0.000445178      -0.462004      -0.690473      0.0941395       0.452075       0.269290

      -0.165914    0.000421791       0.882026      -0.344426      0.0927689       0.202812       0.161664

      -0.973726   -6.62450e-05     -0.0767362       0.168628     -0.0197711      -0.101476     -0.0827432

     0.00852522     0.00144449     -0.0453329      0.0787877       0.975518      -0.179202      0.0889603

     -0.0144832     0.00152518     -0.0251777     0.00403200      -0.170094      -0.496028       0.850977

    -0.00104436    -0.00522967     0.00230869       0.608232      0.0396516       0.682659       0.403020

    7.88262e-05       0.999984   -5.54839e-05     0.00352478    -0.00102470     0.00429202    0.000487720


Number of singular values used in solution = 7


CURRENT VALUE OF MARQUARDT LAMBDA = 0.100000 --------->

FROZEN PARAMETERS-


SINGULAR VALUES IN SOLUTION:-
        658.203        50.3661        26.6136        7.78128        2.19648       0.267625     0.00814458
TRUNCATED SINGULAR VALUES:-


MATRIX OF EIGENVECTORS IN SOLUTION:-
      -0.155073    0.000445178      -0.462004      -0.690473      0.0941395       0.452075       0.269290

      -0.165914    0.000421791       0.882026      -0.344426      0.0927689       0.202812       0.161664

      -0.973726   -6.62450e-05     -0.0767362       0.168628     -0.0197711      -0.101476     -0.0827432

     0.00852522     0.00144449     -0.0453329      0.0787877       0.975518      -0.179202      0.0889603

     -0.0144832     0.00152518     -0.0251777     0.00403200      -0.170094      -0.496028       0.850977

    -0.00104436    -0.00522967     0.00230869       0.608232      0.0396516       0.682659       0.403020

    7.88262e-05       0.999984   -5.54839e-05     0.00352478    -0.00102470     0.00429202    0.000487720


Number of singular values used in solution = 7


CURRENT VALUE OF MARQUARDT LAMBDA = 1.00000 --------->

FROZEN PARAMETERS-


SINGULAR VALUES IN SOLUTION:-
        888.477        370.680        245.644        59.4624        3.67976       0.874991      0.0811294
TRUNCATED SINGULAR VALUES:-


MATRIX OF EIGENVECTORS IN SOLUTION:-
      -0.136926    0.000283334      -0.813281      -0.446900      0.0637054       0.293000       0.173775

      -0.422436    0.000383605       0.564256      -0.559519      0.0945065       0.363435       0.221554

      -0.895979   -0.000215268      -0.141693       0.331528     -0.0590832      -0.215037      -0.132294

    -0.00435151    0.000126077     -0.0100301      0.0988829       0.991569     -0.0783606     -0.0274547

    -0.00141703     0.00135437    -0.00323742      0.0922307     -0.0160529      -0.404921       0.909539

    8.42172e-05    -0.00313087    0.000871414       0.599183     0.00728910       0.752141       0.274226

    1.06999e-05       0.999994   -8.14546e-06     0.00215122   -0.000147474     0.00264444   -0.000532530


Number of singular values used in solution = 7


CURRENT VALUE OF MARQUARDT LAMBDA = 1.00000 --------->

FROZEN PARAMETERS-


SINGULAR VALUES IN SOLUTION:-
        888.477        370.680        245.644        59.4624        3.67976       0.874991      0.0811294
TRUNCATED SINGULAR VALUES:-


MATRIX OF EIGENVECTORS IN SOLUTION:-
      -0.136926    0.000283334      -0.813281      -0.446900      0.0637054       0.293000       0.173775

      -0.422436    0.000383605       0.564256      -0.559519      0.0945065       0.363435       0.221554

      -0.895979   -0.000215268      -0.141693       0.331528     -0.0590832      -0.215037      -0.132294

    -0.00435151    0.000126077     -0.0100301      0.0988829       0.991569     -0.0783606     -0.0274547

    -0.00141703     0.00135437    -0.00323742      0.0922307     -0.0160529      -0.404921       0.909539

    8.42172e-05    -0.00313087    0.000871414       0.599183     0.00728910       0.752141       0.274226

    1.06999e-05       0.999994   -8.14546e-06     0.00215122   -0.000147474     0.00264444   -0.000532530


Number of singular values used in solution = 7


CURRENT VALUE OF MARQUARDT LAMBDA = 10.0000 --------->

FROZEN PARAMETERS-


SINGULAR VALUES IN SOLUTION:-
        6029.90        2658.34        615.639        475.502        18.0575        5.27515       0.810840
TRUNCATED SINGULAR VALUES:-


MATRIX OF EIGENVECTORS IN SOLUTION:-
     -0.0135246    2.14784e-05      -0.998904     -0.0354018     0.00502904      0.0233136      0.0136392

      -0.999114    2.09865e-05      0.0152852     -0.0308810     0.00558510      0.0201800      0.0120287

     -0.0216746   -0.000231562     -0.0229274       0.333348      -0.907693      -0.214814      -0.133538

      0.0334299    0.000453225      0.0378332      -0.721453      -0.419566       0.467197       0.287486

   -0.000320810    0.000153331   -0.000528576       0.260742   -0.000775767      -0.181457       0.948201

    0.000172980   -0.000643008    0.000337881       0.546069    0.000792892       0.837678      0.0101454

    1.24852e-06        1.00000   -1.02361e-06    0.000716727   -1.96259e-05    0.000304044   -0.000300628


Number of singular values used in solution = 7


CURRENT VALUE OF MARQUARDT LAMBDA = 10.0000 --------->

FROZEN PARAMETERS-


SINGULAR VALUES IN SOLUTION:-
        6029.90        2658.34        615.639        475.502        18.0575        5.27515       0.810840
TRUNCATED SINGULAR VALUES:-


MATRIX OF EIGENVECTORS IN SOLUTION:-
     -0.0135246    2.14784e-05      -0.998904     -0.0354018     0.00502904      0.0233136      0.0136392

      -0.999114    2.09865e-05      0.0152852     -0.0308810     0.00558510      0.0201800      0.0120287

     -0.0216746   -0.000231562     -0.0229274       0.333348      -0.907693      -0.214814      -0.133538

      0.0334299    0.000453225      0.0378332      -0.721453      -0.419566       0.467197       0.287486

   -0.000320810    0.000153331   -0.000528576       0.260742   -0.000775767      -0.181457       0.948201

    0.000172980   -0.000643008    0.000337881       0.546069    0.000792892       0.837678      0.0101454

    1.24852e-06        1.00000   -1.02361e-06    0.000716727   -1.96259e-05    0.000304044   -0.000300628


Number of singular values used in solution = 7


CURRENT VALUE OF MARQUARDT LAMBDA = 100.000 --------->

FROZEN PARAMETERS-


SINGULAR VALUES IN SOLUTION:-
        59096.4        26411.4        5841.03        584.954        162.462        45.5485        8.10780
TRUNCATED SINGULAR VALUES:-


MATRIX OF EIGENVECTORS IN SOLUTION:-
    -0.00128923    2.00167e-06      -0.999990    -0.00332270    0.000470224     0.00218971     0.00127822

      -0.999993    1.81576e-06     0.00130345    -0.00266262    0.000483835     0.00174114     0.00103485

   -0.000519333   -7.29828e-06   -0.000513071     0.00832418      -0.999945    -0.00524938    -0.00342901

     0.00333331    0.000452340     0.00415298      -0.795379     -0.0104062       0.471961       0.380117

   -0.000243592   -9.39327e-05   -0.000317903       0.353167    0.000553584      -0.148721       0.923664

    0.000151687    0.000199342    0.000204150       0.492502   -0.000296095       0.868964     -0.0483968

    2.53632e-07        1.00000    4.64187e-08    0.000294851   -2.48152e-06   -0.000400724   -7.55618e-05


Number of singular values used in solution = 7


CURRENT VALUE OF MARQUARDT LAMBDA = 100.000 --------->

FROZEN PARAMETERS-


SINGULAR VALUES IN SOLUTION:-
        59096.4        26411.4        5841.03        584.954        162.462        45.5485        8.10780
TRUNCATED SINGULAR VALUES:-


MATRIX OF EIGENVECTORS IN SOLUTION:-
    -0.00128923    2.00167e-06      -0.999990    -0.00332270    0.000470224     0.00218971     0.00127822

      -0.999993    1.81576e-06     0.00130345    -0.00266262    0.000483835     0.00174114     0.00103485

   -0.000519333   -7.29828e-06   -0.000513071     0.00832418      -0.999945    -0.00524938    -0.00342901

     0.00333331    0.000452340     0.00415298      -0.795379     -0.0104062       0.471961       0.380117

   -0.000243592   -9.39327e-05   -0.000317903       0.353167    0.000553584      -0.148721       0.923664

    0.000151687    0.000199342    0.000204150       0.492502   -0.000296095       0.868964     -0.0483968

    2.53632e-07        1.00000    4.64187e-08    0.000294851   -2.48152e-06   -0.000400724   -7.55618e-05


Number of singular values used in solution = 7


CURRENT VALUE OF MARQUARDT LAMBDA = 1000.00 --------->

FROZEN PARAMETERS-


SINGULAR VALUES IN SOLUTION:-
        589865.        263967.        58333.6        1811.99        1165.94        388.477        81.0773
TRUNCATED SINGULAR VALUES:-


MATRIX OF EIGENVECTORS IN SOLUTION:-
   -0.000128288    1.98746e-07       -1.00000   -0.000330150    4.67034e-05    0.000217590    0.000126988

       -1.00000    1.79135e-07    0.000128427   -0.000262590    4.77377e-05    0.000171725    0.000102035

   -4.80614e-05   -6.89519e-07   -4.70969e-05    0.000769459       -1.00000   -0.000484128   -0.000317869

    0.000169926    8.05518e-05    0.000212483      -0.209915   -0.000514602      0.0900520       0.973563

   -0.000267009   -0.000194612   -0.000336341       0.941690    0.000773397      -0.249200       0.226094

    9.32206e-05    0.000226491    0.000118842       0.262973   -0.000254160       0.964256     -0.0324902

    9.23623e-08        1.00000    8.92008e-08    0.000140613   -4.40008e-07   -0.000274147   -2.70631e-05


Number of singular values used in solution = 7


CURRENT VALUE OF MARQUARDT LAMBDA = 1000.00 --------->

FROZEN PARAMETERS-


SINGULAR VALUES IN SOLUTION:-
        589865.        263967.        58333.6        1811.99        1165.94        388.477        81.0773
TRUNCATED SINGULAR VALUES:-


MATRIX OF EIGENVECTORS IN SOLUTION:-
   -0.000128288    1.98746e-07       -1.00000   -0.000330150    4.67034e-05    0.000217590    0.000126988

       -1.00000    1.79135e-07    0.000128427   -0.000262590    4.77377e-05    0.000171725    0.000102035

   -4.80614e-05   -6.89519e-07   -4.70969e-05    0.000769459       -1.00000   -0.000484128   -0.000317869

    0.000169926    8.05518e-05    0.000212483      -0.209915   -0.000514602      0.0900520       0.973563

   -0.000267009   -0.000194612   -0.000336341       0.941690    0.000773397      -0.249200       0.226094

    9.32206e-05    0.000226491    0.000118842       0.262973   -0.000254160       0.964256     -0.0324902

    9.23623e-08        1.00000    8.92008e-08    0.000140613   -4.40008e-07   -0.000274147   -2.70631e-05


Number of singular values used in solution = 7


------------------------------------------------------------------------------
OPTIMISATION ITERATION NO.        : 2

CURRENT VALUE OF MARQUARDT LAMBDA = 0.00000 --------->

FROZEN PARAMETERS-


SINGULAR VALUES IN SOLUTION:-
        2013.32        7.98810        1.33209       0.728368       0.482402       0.153250
TRUNCATED SINGULAR VALUES:-
        0.00000


MATRIX OF EIGENVECTORS IN SOLUTION:-
     -0.0847779    0.000211959     -0.0736178      -0.744833      0.0804408       0.643963       0.107040

     -0.0858841     0.00263724       0.451602     -0.0250867       0.771856      -0.153396       0.410792

      -0.876817   -0.000321710      0.0154106      0.0200592       0.133007     -0.0305639      -0.460355

      -0.132188     0.00165607      -0.874700      0.0881472       0.307115      -0.107362       0.322191

      -0.427040    0.000125529       0.158337       0.267706      -0.453478       0.214292       0.685081

       0.129582    -0.00129121     -0.0150649       0.603949       0.283037       0.709505      -0.186327


Number of singular values used in solution = 6


CURRENT VALUE OF MARQUARDT LAMBDA = 0.100000 --------->

FROZEN PARAMETERS-
MR_UPLAND = 0.200000


SINGULAR VALUES IN SOLUTION:-
        2695.06        1890.73        108.547        41.6891        31.2677       0.580678
TRUNCATED SINGULAR VALUES:-


MATRIX OF EIGENVECTORS IN SOLUTION:-
     -0.0165244       0.980641     -0.0132954      -0.146201      0.0194091       0.127055

     -0.0821014      -0.195800     -0.0728189      -0.731291      0.0860631       0.638299

    -0.00170606     0.00223507     -0.0409552     -0.0591258      -0.995460      0.0622740

       0.995617    0.000181040     -0.0478530     -0.0592723     0.00714813      0.0537866

      0.0415884    -0.00113002       0.995183     -0.0692061     -0.0341637      0.0438538

    -0.00101342    0.000377294      0.0128089       0.657298     0.00757149       0.753483


Number of singular values used in solution = 6


CURRENT VALUE OF MARQUARDT LAMBDA = 0.100000 --------->

FROZEN PARAMETERS-
MR_UPLAND = 0.200000
MK_UPLAND_L2 = 0.600000
MR_REST = 2.00000


SINGULAR VALUES IN SOLUTION:-
        54.1202        17.5958       0.683347     0.00768656
TRUNCATED SINGULAR VALUES:-


MATRIX OF EIGENVECTORS IN SOLUTION:-
       0.974553   -0.000443059       0.210293      0.0776087

      -0.216686   -0.000282618       0.972446      0.0859973

     -0.0573869    -0.00613066      -0.100626       0.993249

   -1.87258e-05      -0.999981    0.000248906    -0.00614808


Number of singular values used in solution = 4


CURRENT VALUE OF MARQUARDT LAMBDA = 1.00000 --------->

FROZEN PARAMETERS-
MR_UPLAND = 0.200000


SINGULAR VALUES IN SOLUTION:-
        26453.8        1942.74        1030.02        406.430        295.346        3.06725
TRUNCATED SINGULAR VALUES:-


MATRIX OF EIGENVECTORS IN SOLUTION:-
    0.000547679      -0.999980    0.000348092     0.00471446   -0.000795152    -0.00405941

      -0.102191    -0.00629315     -0.0843205      -0.734979       0.177487       0.640868

     -0.0229347   -0.000325327     -0.0213713      -0.131280      -0.984093       0.115512

       0.994276   -9.93785e-05     -0.0303218     -0.0771280    -0.00432517      0.0672974

     -0.0211310    0.000193406      -0.995747      0.0684498     0.00622408     -0.0576025

    1.71654e-05    3.86819e-05     0.00158077       0.657202    0.000763726       0.753712


Number of singular values used in solution = 6


CURRENT VALUE OF MARQUARDT LAMBDA = 1.00000 --------->

FROZEN PARAMETERS-
MR_UPLAND = 0.200000
MK_UPLAND_L2 = 0.600000
MR_REST = 2.00000


SINGULAR VALUES IN SOLUTION:-
        402.734        140.069        1.06376      0.0766523
TRUNCATED SINGULAR VALUES:-


MATRIX OF EIGENVECTORS IN SOLUTION:-
       0.999557   -5.55501e-05      0.0282142     0.00943559

     -0.0283600   -6.37809e-05       0.999475      0.0156878

    -0.00898817    -0.00613145     -0.0159485       0.999814

    1.39396e-06      -0.999981    3.24736e-05    -0.00613195


Number of singular values used in solution = 4


CURRENT VALUE OF MARQUARDT LAMBDA = 10.0000 --------->

FROZEN PARAMETERS-
MR_UPLAND = 0.200000


SINGULAR VALUES IN SOLUTION:-
        264340.        10423.0        4113.09        2982.01        1881.72        27.7978
TRUNCATED SINGULAR VALUES:-


MATRIX OF EIGENVECTORS IN SOLUTION:-
    5.13541e-05       -1.00000    3.17845e-05    0.000440857   -7.59614e-05   -0.000379244

    -0.00264525   -8.70250e-05    -0.00158483     -0.0141735       0.999820      0.0122416

      -0.997262   -9.30879e-05     -0.0183413     -0.0539855    -0.00400741      0.0469250

      0.0271575   -0.000101996      -0.991893     -0.0935998    -0.00382459      0.0814524

      0.0687336   -0.000566527       0.125732      -0.748180     -0.0181541       0.647583

    0.000140389    1.81306e-06    0.000330889       0.654485    2.16813e-05       0.756075


Number of singular values used in solution = 6


CURRENT VALUE OF MARQUARDT LAMBDA = 10.0000 --------->

FROZEN PARAMETERS-
MR_UPLAND = 0.200000
MK_UPLAND_L2 = 0.600000
MR_REST = 2.00000


SINGULAR VALUES IN SOLUTION:-
        3905.13        1352.25        1.16082       0.766261
TRUNCATED SINGULAR VALUES:-


MATRIX OF EIGENVECTORS IN SOLUTION:-
       0.999995   -5.65612e-06     0.00289473    0.000956228

    -0.00289634   -6.95942e-06       0.999994     0.00168432

   -0.000951314     -0.0161353    -0.00168698       0.999868

    9.71512e-06      -0.999870    2.02468e-05     -0.0161353


Number of singular values used in solution = 4


CURRENT VALUE OF MARQUARDT LAMBDA = 100.000 --------->

FROZEN PARAMETERS-
MR_UPLAND = 0.200000


SINGULAR VALUES IN SOLUTION:-
    2.64321e+06        104032.        40892.4        29540.9        2180.78        272.411
TRUNCATED SINGULAR VALUES:-


MATRIX OF EIGENVECTORS IN SOLUTION:-
    5.10367e-06       -1.00000    3.15033e-06    4.38013e-05   -7.56310e-06   -3.76762e-05

   -0.000222232   -7.65473e-06   -0.000126391    -0.00118113       0.999999     0.00101826

      -0.999991   -5.33798e-06    -0.00103660    -0.00304186   -0.000228646     0.00264298

    -0.00105701    3.43615e-06       0.999987     0.00381071    0.000134043    -0.00332708

     0.00402189   -5.76957e-05     0.00505914      -0.778939    -0.00155701       0.627065

    0.000151074   -1.87937e-06    0.000202194       0.627080   -5.24629e-05       0.778955


Number of singular values used in solution = 6


CURRENT VALUE OF MARQUARDT LAMBDA = 100.000 --------->

FROZEN PARAMETERS-
MR_UPLAND = 0.200000
MK_UPLAND_L2 = 0.600000


SINGULAR VALUES IN SOLUTION:-
        38891.0        19342.3        1925.14        242.047        2.03151
TRUNCATED SINGULAR VALUES:-


MATRIX OF EIGENVECTORS IN SOLUTION:-
       0.999992   -3.04362e-07    0.000473412     0.00289839    -0.00256075

   -0.000496803   -3.40746e-07       0.999982     0.00452778    -0.00401153

     0.00386219    6.53113e-05     0.00604697      -0.772477       0.635002

    0.000137532    1.59088e-05    0.000223740       0.635019       0.772496

   -4.97564e-08       -1.00000    5.76089e-08   -4.03515e-05    5.37644e-05


Number of singular values used in solution = 5


CURRENT VALUE OF MARQUARDT LAMBDA = 1000.00 --------->

FROZEN PARAMETERS-
MR_UPLAND = 0.200000


SINGULAR VALUES IN SOLUTION:-
    2.64319e+07    1.04015e+06        408792.        295292.        5087.35        2505.48
TRUNCATED SINGULAR VALUES:-


MATRIX OF EIGENVECTORS IN SOLUTION:-
    5.10052e-07       -1.00000    3.14754e-07    4.37731e-06   -7.55982e-07   -3.76516e-06

   -2.18757e-05   -7.56883e-07   -1.23756e-05   -0.000116174        1.00000    0.000100137

       -1.00000   -5.12295e-07   -9.92484e-05   -0.000291348   -2.19362e-05    0.000253133

   -9.94328e-05    3.17449e-07        1.00000    0.000359375    1.24466e-05   -0.000313870

    0.000367335   -5.50422e-06    0.000453836      -0.919571   -0.000146162       0.392924

    0.000118282   -1.74224e-06    0.000147431       0.392924   -4.64307e-05       0.919571


Number of singular values used in solution = 6


CURRENT VALUE OF MARQUARDT LAMBDA = 1000.00 --------->

FROZEN PARAMETERS-
MR_UPLAND = 0.200000
MK_UPLAND_L2 = 0.600000


SINGULAR VALUES IN SOLUTION:-
        388785.        193345.        4456.02        2243.45        20.3151
TRUNCATED SINGULAR VALUES:-


MATRIX OF EIGENVECTORS IN SOLUTION:-
        1.00000   -2.93081e-08    4.54684e-05    0.000278559   -0.000246101

   -4.56757e-05   -3.05469e-08        1.00000    0.000417268   -0.000369864

    0.000354855    2.71064e-05    0.000532106      -0.912427       0.409240

    0.000110544    1.65411e-05    0.000166716       0.409240       0.912427

   -1.78602e-08       -1.00000   -1.33640e-08   -1.79634e-05    2.61856e-05


Number of singular values used in solution = 5


------------------------------------------------------------------------------
OPTIMISATION ITERATION NO.        : 3

CURRENT VALUE OF MARQUARDT LAMBDA = 0.00000 --------->

FROZEN PARAMETERS-


SINGULAR VALUES IN SOLUTION:-
        2024.49        7.89453        1.33179       0.714969       0.499799       0.153225
TRUNCATED SINGULAR VALUES:-
        0.00000


MATRIX OF EIGENVECTORS IN SOLUTION:-
     -0.0849040    0.000160227     -0.0509008      -0.736635      0.0687866       0.657291       0.103953

     -0.0876897     0.00197555       0.465053     -0.0292141       0.763669      -0.152914       0.410617

      -0.877807   -0.000136762     -0.0361963      0.0235686       0.156664     -0.0351252      -0.449235

     -0.0437064     0.00116728      -0.879944      0.0434474       0.354545      -0.108173       0.290682

      -0.441819    4.73961e-05      0.0737862       0.279516      -0.426704       0.194581       0.708014

       0.132070   -0.000729632    -0.00888751       0.613142       0.282407       0.702701      -0.181640


Number of singular values used in solution = 6


CURRENT VALUE OF MARQUARDT LAMBDA = 0.100000 --------->

FROZEN PARAMETERS-
MFGW = 1.66670
MK_REST_L1 = 0.330000
MR_UPLAND = 0.200000


SINGULAR VALUES IN SOLUTION:-
        1841.97        36.1818       0.587203      0.0524925
TRUNCATED SINGULAR VALUES:-


MATRIX OF EIGENVECTORS IN SOLUTION:-
   -0.000299459       0.744711     -0.0419204      -0.666069

    0.000337321      0.0224418       0.999034     -0.0377850

     0.00686290      -0.666993     -0.0131932      -0.744916

       0.999976     0.00479305   -0.000259011     0.00492568


Number of singular values used in solution = 4


CURRENT VALUE OF MARQUARDT LAMBDA = 0.100000 --------->

FROZEN PARAMETERS-
MFGW = 1.66670
MK_REST_L1 = 0.330000
MR_UPLAND = 0.200000
MK_UPLAND_L2 = 0.600000
MR_REST = 2.00000


SINGULAR VALUES IN SOLUTION:-
        1.00034
TRUNCATED SINGULAR VALUES:-
        0.00000


MATRIX OF EIGENVECTORS IN SOLUTION:-
    1.16008e-09       -1.00000


Number of singular values used in solution = 1


CURRENT VALUE OF MARQUARDT LAMBDA = 1.00000 --------->

FROZEN PARAMETERS-
MFGW = 1.66670
MK_REST_L1 = 0.330000
MR_UPLAND = 0.200000


SINGULAR VALUES IN SOLUTION:-
        1845.31        347.229        3.15638       0.524219
TRUNCATED SINGULAR VALUES:-


MATRIX OF EIGENVECTORS IN SOLUTION:-
   -0.000299039       0.744616     -0.0505513      -0.665576

    2.12753e-05      0.0368237       0.998721     -0.0346573

     0.00138769      -0.666475    -0.00129750      -0.745525

       0.999999     0.00114675   -3.45645e-05    0.000836262


Number of singular values used in solution = 4


CURRENT VALUE OF MARQUARDT LAMBDA = 1.00000 --------->

FROZEN PARAMETERS-
MFGW = 1.66670
MK_REST_L1 = 0.330000
MR_UPLAND = 0.200000
MK_UPLAND_L2 = 0.600000
MR_REST = 2.00000


SINGULAR VALUES IN SOLUTION:-
        1.00346
TRUNCATED SINGULAR VALUES:-
        0.00000


MATRIX OF EIGENVECTORS IN SOLUTION:-
    1.15647e-09       -1.00000


Number of singular values used in solution = 1


CURRENT VALUE OF MARQUARDT LAMBDA = 10.0000 --------->

FROZEN PARAMETERS-
MFGW = 1.66670
MK_REST_L1 = 0.330000
MR_UPLAND = 0.200000


SINGULAR VALUES IN SOLUTION:-
        3471.70        1864.82        28.7740        5.24125
TRUNCATED SINGULAR VALUES:-


MATRIX OF EIGENVECTORS IN SOLUTION:-
    1.76419e-05     -0.0352688       0.998889      0.0312493

    0.000294863      -0.746745     -0.0471211       0.663439

    8.49218e-05      -0.664175   -6.34359e-05      -0.747577

        1.00000    0.000277213   -3.72262e-06   -0.000132690


Number of singular values used in solution = 4


CURRENT VALUE OF MARQUARDT LAMBDA = 10.0000 --------->

FROZEN PARAMETERS-
MFGW = 1.66670
MK_REST_L1 = 0.330000
MR_UPLAND = 0.200000
MK_UPLAND_L2 = 0.600000
MR_REST = 2.00000


SINGULAR VALUES IN SOLUTION:-
        1.03467
TRUNCATED SINGULAR VALUES:-
        0.00000


MATRIX OF EIGENVECTORS IN SOLUTION:-
    1.12159e-09       -1.00000


Number of singular values used in solution = 1


CURRENT VALUE OF MARQUARDT LAMBDA = 100.000 --------->

FROZEN PARAMETERS-
MFGW = 1.66670
MK_REST_L1 = 0.330000
MR_UPLAND = 0.200000


SINGULAR VALUES IN SOLUTION:-
        34639.1        2139.11        283.100        52.4115
TRUNCATED SINGULAR VALUES:-


MATRIX OF EIGENVECTORS IN SOLUTION:-
    1.05620e-06    -0.00174642       0.999997     0.00153804

    0.000263729      -0.767198    -0.00232636       0.641406

   -6.30500e-05      -0.641408    5.98130e-05      -0.767200

        1.00000    0.000161893   -4.38902e-07   -0.000217531


Number of singular values used in solution = 4


CURRENT VALUE OF MARQUARDT LAMBDA = 100.000 --------->

FROZEN PARAMETERS-
MFGW = 1.66670
MK_REST_L1 = 0.330000
MR_UPLAND = 0.200000
MK_UPLAND_L2 = 0.600000
MR_REST = 2.00000


SINGULAR VALUES IN SOLUTION:-
        1.34672
TRUNCATED SINGULAR VALUES:-
        0.00000


MATRIX OF EIGENVECTORS IN SOLUTION:-
    8.61685e-10       -1.00000


Number of singular values used in solution = 1


CURRENT VALUE OF MARQUARDT LAMBDA = 1000.00 --------->

FROZEN PARAMETERS-
MFGW = 1.66670
MK_REST_L1 = 0.330000
MR_UPLAND = 0.200000


SINGULAR VALUES IN SOLUTION:-
        346347.        5003.98        2670.63        524.114
TRUNCATED SINGULAR VALUES:-


MATRIX OF EIGENVECTORS IN SOLUTION:-
    1.02282e-07   -0.000166248        1.00000    0.000146322

    0.000118348      -0.900594   -0.000213323       0.434661

    6.91822e-05       0.434661   -5.95155e-05       0.900594

        1.00000    7.65131e-05   -7.29179e-08   -0.000113747


Number of singular values used in solution = 4


CURRENT VALUE OF MARQUARDT LAMBDA = 1000.00 --------->

FROZEN PARAMETERS-
MFGW = 1.66670
MK_REST_L1 = 0.330000
MR_UPLAND = 0.200000
MK_UPLAND_L2 = 0.600000
MR_REST = 2.00000


SINGULAR VALUES IN SOLUTION:-
        4.46723
TRUNCATED SINGULAR VALUES:-
        0.00000


MATRIX OF EIGENVECTORS IN SOLUTION:-
    2.59702e-10       -1.00000


Number of singular values used in solution = 1


