     7     7     1
   0.0624883 -1.76961e-06 -0.000270042  8.56716e-07  4.49659e-06  0.000318293  4.39381e-06
-1.76961e-06    0.0574111  -0.00020555 -3.12888e-06 -1.25889e-05  0.000342352 -1.60143e-05
-0.000270042  -0.00020555    0.0342682  4.40706e-05  0.000215791    0.0285393  0.000827206
 8.56716e-07 -3.12888e-06  4.40706e-05    0.0624987 -4.68932e-06  -2.9364e-05 -9.48131e-06
 4.49659e-06 -1.25889e-05  0.000215791 -4.68932e-06    0.0624803 -0.000166415 -3.45741e-05
 0.000318293  0.000342352    0.0285393  -2.9364e-05 -0.000166415    0.0263818   -0.0008738
 4.39381e-06 -1.60143e-05  0.000827206 -9.48131e-06 -3.45741e-05   -0.0008738    0.0623959
* row and column names
mfgw
mk_rest_l1
mk_rest_l2
mk_upland_l1
mk_upland_l2
mr_rest
mr_upland
