     9     9     1
     0.06249 -6.89275e-06  -0.00045853 -7.27896e-07 -2.38839e-06   1.1338e-06  5.02213e-06  0.000262447  8.69802e-06
-6.89275e-06     0.105743  -0.00100814 -2.51783e-06 -1.21517e-05 -2.99149e-06 -1.07004e-05  0.000701765 -8.61363e-06
 -0.00045853  -0.00100814    0.0455499 -0.000169689 -0.000687876  7.13662e-05  0.000261893    0.0371017   0.00144311
-7.27896e-07 -2.51783e-06 -0.000169689     0.105792 -2.91911e-06  2.97592e-07  1.19513e-06   0.00010078  4.86677e-06
-2.38839e-06 -1.21517e-05 -0.000687876 -2.91911e-06    0.0624876  9.20996e-07  3.52199e-06  0.000411957  1.78272e-05
  1.1338e-06 -2.99149e-06  7.13662e-05  2.97592e-07  9.20996e-07    0.0933058  -4.2725e-06 -2.04982e-05 -1.12415e-05
 5.02213e-06 -1.07004e-05  0.000261893  1.19513e-06  3.52199e-06  -4.2725e-06    0.0932854 -7.86133e-05 -2.52804e-05
 0.000262447  0.000701765    0.0371017   0.00010078  0.000411957 -2.04982e-05 -7.86133e-05     0.033268 -0.000725325
 8.69802e-06 -8.61363e-06   0.00144311  4.86677e-06  1.78272e-05 -1.12415e-05 -2.52804e-05 -0.000725325    0.0567523
* row and column names
mfgw
mk_rest_l1
mk_rest_l2
mk_ring_l1
mk_ring_l2
mk_upland_l1
mk_upland_l2
mr_rest
mr_upland
