     9     9     1
   0.0624917  -7.1817e-06 -0.000372652 -3.67772e-07 -1.75475e-06  6.98797e-07  3.31229e-06  0.000222575  1.73293e-06
 -7.1817e-06     0.105748 -0.000944575 -2.47781e-06 -1.14056e-05 -2.55751e-06 -9.41813e-06  0.000666925 -1.00044e-05
-0.000372652 -0.000944575    0.0465577 -0.000157801 -0.000674568  8.82083e-05  0.000273995     0.037108   0.00147273
-3.67772e-07 -2.47781e-06 -0.000157801     0.105792 -2.72325e-06  2.74323e-07  9.14566e-07   9.6184e-05  4.56849e-06
-1.75475e-06 -1.14056e-05 -0.000674568 -2.72325e-06    0.0624884  1.01257e-06  3.48933e-06  0.000412709  1.75623e-05
 6.98797e-07 -2.55751e-06  8.82083e-05  2.74323e-07  1.01257e-06     0.093306 -3.95122e-06 -3.54093e-05 -1.02235e-05
 3.31229e-06 -9.41813e-06  0.000273995  9.14566e-07  3.48933e-06 -3.95122e-06    0.0932871  -9.7989e-05 -2.39468e-05
 0.000222575  0.000666925     0.037108   9.6184e-05  0.000412709 -3.54093e-05  -9.7989e-05    0.0329346 -0.000775371
 1.73293e-06 -1.00044e-05   0.00147273  4.56849e-06  1.75623e-05 -1.02235e-05 -2.39468e-05 -0.000775371    0.0567533
* row and column names
mfgw
mk_rest_l1
mk_rest_l2
mk_ring_l1
mk_ring_l2
mk_upland_l1
mk_upland_l2
mr_rest
mr_upland
