     9     9     1
   0.0624871 -7.87273e-06 -0.000422543 -2.63058e-07 -1.10012e-06  5.07427e-07   3.6311e-06  0.000246295 -5.54697e-07
-7.87273e-06     0.105749  -0.00088642 -1.94878e-06 -1.03316e-05 -3.75133e-06 -1.09732e-05   0.00062421 -1.29737e-05
-0.000422543  -0.00088642    0.0456012 -0.000169306  -0.00068896  9.13472e-05  0.000271144     0.037223   0.00127355
-2.63058e-07 -1.94878e-06 -0.000169306     0.105792 -3.10618e-06  4.76292e-07  1.41124e-06  9.94857e-05  5.46918e-06
-1.10012e-06 -1.03316e-05  -0.00068896 -3.10618e-06    0.0624869  1.20912e-06  3.70135e-06  0.000411726  1.62994e-05
 5.07427e-07 -3.75133e-06  9.13472e-05  4.76292e-07  1.20912e-06     0.093305 -5.62197e-06 -2.80384e-05 -1.53847e-05
  3.6311e-06 -1.09732e-05  0.000271144  1.41124e-06  3.70135e-06 -5.62197e-06    0.0932831 -8.11175e-05 -2.98831e-05
 0.000246295   0.00062421     0.037223  9.94857e-05  0.000411726 -2.80384e-05 -8.11175e-05    0.0330585 -0.000635308
-5.54697e-07 -1.29737e-05   0.00127355  5.46918e-06  1.62994e-05 -1.53847e-05 -2.98831e-05 -0.000635308    0.0567653
* row and column names
mfgw
mk_rest_l1
mk_rest_l2
mk_ring_l1
mk_ring_l2
mk_upland_l1
mk_upland_l2
mr_rest
mr_upland
