     7     7     1
   0.0624914 -8.67834e-06 -0.000341631     2.92e-07 -8.06218e-07  0.000227195 -1.67653e-06
-8.67834e-06     0.105765 -0.000871406 -1.17678e-06 -8.70044e-06  0.000623724  1.71992e-06
-0.000341631 -0.000871406    0.0450875 -0.000113217 -0.000603062    0.0387467   0.00117772
    2.92e-07 -1.17678e-06 -0.000113217     0.105792 -2.04071e-06  6.89574e-05  3.20734e-06
-8.06218e-07 -8.70044e-06 -0.000603062 -2.04071e-06    0.0624901  0.000375754  1.27078e-05
 0.000227195  0.000623724    0.0387467  6.89574e-05  0.000375754    0.0362723 -0.000564197
-1.67653e-06  1.71992e-06   0.00117772  3.20734e-06  1.27078e-05 -0.000564197    0.0624356
* row and column names
mfgw
mk_rest_l1
mk_rest_l2
mk_ring_l1
mk_ring_l2
mr_rest
mr_upland
