     7     7     1
   0.0624929 -1.12682e-05 -0.000309648 -3.89894e-07  -8.2536e-07  0.000210253 -5.46047e-07
-1.12682e-05     0.105727  -0.00144796 -5.02872e-06 -1.65245e-05   0.00106992  7.49316e-06
-0.000309648  -0.00144796    0.0473878 -0.000188246 -0.000594417    0.0389186   0.00116724
-3.89894e-07 -5.02872e-06 -0.000188246     0.105792 -2.73872e-06  0.000132054  3.23815e-06
 -8.2536e-07 -1.65245e-05 -0.000594417 -2.73872e-06    0.0624899  0.000386255  1.31063e-05
 0.000210253   0.00106992    0.0389186  0.000132054  0.000386255    0.0350919 -0.000599103
-5.46047e-07  7.49316e-06   0.00116724  3.23815e-06  1.31063e-05 -0.000599103    0.0624389
* row and column names
mfgw
mk_rest_l1
mk_rest_l2
mk_ring_l1
mk_ring_l2
mr_rest
mr_upland
