     7     7     1
   0.0624842 -1.74982e-05 -0.000318324    -2.41e-06  -2.8681e-06  0.000358146 -5.19813e-05
-1.74982e-05     0.105686  -0.00219408 -1.23198e-05 -2.83567e-05   0.00156454  0.000268981
-0.000318324  -0.00219408    0.0404432  -0.00026747 -0.000633807    0.0332684    0.0132239
   -2.41e-06 -1.23198e-05  -0.00026747      0.10579 -5.65084e-06  0.000249596  1.94516e-05
 -2.8681e-06 -2.83567e-05 -0.000633807 -5.65084e-06    0.0624872  0.000488607  7.30068e-05
 0.000358146   0.00156454    0.0332684  0.000249596  0.000488607     0.033624  -0.00281606
-5.19813e-05  0.000268981    0.0132239  1.94516e-05  7.30068e-05  -0.00281606    0.0578902
* row and column names
mfgw
mk_rest_l1
mk_rest_l2
mk_ring_l1
mk_ring_l2
mr_rest
mr_upland
