     7     7     1
   0.0624914 -8.67655e-06 -0.000341525  2.92422e-07 -8.02272e-07  0.000227163 -1.66742e-06
-8.67655e-06     0.105765 -0.000871437 -1.17794e-06 -8.70607e-06  0.000623749  1.70893e-06
-0.000341525 -0.000871437    0.0450901  -0.00011323 -0.000603085    0.0387464    0.0011777
 2.92422e-07 -1.17794e-06  -0.00011323     0.105792 -2.04353e-06  6.89692e-05  3.20259e-06
-8.02272e-07 -8.70607e-06 -0.000603085 -2.04353e-06    0.0624901  0.000375804  1.26855e-05
 0.000227163  0.000623749    0.0387464  6.89692e-05  0.000375804    0.0362722 -0.000564128
-1.66742e-06  1.70893e-06    0.0011777  3.20259e-06  1.26855e-05 -0.000564128    0.0624355
* row and column names
mfgw
mk_rest_l1
mk_rest_l2
mk_ring_l1
mk_ring_l2
mr_rest
mr_upland
