------------------------------------------------------------------------------
OPTIMISATION ITERATION NO.        : 1

CURRENT VALUE OF MARQUARDT LAMBDA = 0 --------->

FROZEN PARAMETERS-


SINGULAR VALUES IN SOLUTION:-
        926.691        4.80613        1.36402       0.860764       0.273657       0.148497
TRUNCATED SINGULAR VALUES:-
        0.00000


MATRIX OF EIGENVECTORS IN SOLUTION:-
      -0.126807      -0.605477    -0.00530672      -0.565444      -0.317664       0.324778       0.301946

       0.254955       0.359572     0.00389365      -0.256043       0.162378      -0.263330       0.802760

      -0.836505       0.139571     0.00363952      -0.189426       0.490733      0.0332876      0.0543765

      -0.330226       0.564031     -0.0171104     0.00367237      -0.738367       0.156214      0.0540878

      -0.331822      -0.405184     0.00110165       0.488627      -0.257076      -0.571351       0.307299

    -0.00258148     -0.0479700     -0.0131839       0.583120       0.142893       0.687749       0.405058


Number of singular values used in solution = 6


CURRENT VALUE OF MARQUARDT LAMBDA = 0.100000 --------->

FROZEN PARAMETERS-


SINGULAR VALUES IN SOLUTION:-
        960.908        73.4798        40.7412        32.6972        3.04849       0.283841       0.257605
TRUNCATED SINGULAR VALUES:-


MATRIX OF EIGENVECTORS IN SOLUTION:-
      -0.126831      -0.627919    -0.00511615      -0.544947      -0.331619       0.313028       0.291001

      0.0163557       0.434272    4.42028e-05      0.0278492      -0.899982     -0.0141147     -0.0140677

      -0.672594       0.529329    -0.00321462      -0.363699       0.225521       0.195351       0.214752

       0.728041       0.368010    -0.00343064      -0.424066       0.169935       0.207495       0.287662

     -0.0349243     -0.0387928     0.00952107       0.155014     -0.0178890      -0.581510       0.796669

    3.16262e-05   -2.30650e-07       0.981230      -0.123227   -0.000559124      -0.125373     -0.0792736

   -6.55458e-05    0.000529665       0.192481       0.592397     0.00192265       0.683173       0.381165


Number of singular values used in solution = 7


CURRENT VALUE OF MARQUARDT LAMBDA = 0.100000 --------->

FROZEN PARAMETERS-


SINGULAR VALUES IN SOLUTION:-
        960.908        73.4798        40.7412        32.6972        3.04849       0.283841       0.257605
TRUNCATED SINGULAR VALUES:-


MATRIX OF EIGENVECTORS IN SOLUTION:-
      -0.126831      -0.627919    -0.00511615      -0.544947      -0.331619       0.313028       0.291001

      0.0163557       0.434272    4.42028e-05      0.0278492      -0.899982     -0.0141147     -0.0140677

      -0.672594       0.529329    -0.00321462      -0.363699       0.225521       0.195351       0.214752

       0.728041       0.368010    -0.00343064      -0.424066       0.169935       0.207495       0.287662

     -0.0349243     -0.0387928     0.00952107       0.155014     -0.0178890      -0.581510       0.796669

    3.16262e-05   -2.30650e-07       0.981230      -0.123227   -0.000559124      -0.125373     -0.0792736

   -6.55458e-05    0.000529665       0.192481       0.592397     0.00192265       0.683173       0.381165


Number of singular values used in solution = 7


CURRENT VALUE OF MARQUARDT LAMBDA = 1.00000 --------->

FROZEN PARAMETERS-


SINGULAR VALUES IN SOLUTION:-
        1373.12        725.313        365.491        233.959        5.25724        2.82587       0.895532
TRUNCATED SINGULAR VALUES:-


MATRIX OF EIGENVECTORS IN SOLUTION:-
       0.108675       0.765074     0.00339784       0.361036       0.438505      -0.207535      -0.192705

      0.0127179       0.479246    0.000245315      0.0283241      -0.876855     -0.0161158     -0.0150081

      -0.948386       0.211612    -0.00161436      -0.170828      0.0930182      0.0981536      0.0911800

      -0.297621      -0.374408     0.00631473       0.675604      -0.173731      -0.382205      -0.372153

    -0.00376832    -0.00477797      0.0129820       0.239171    -0.00218656      -0.420481       0.875090

    2.15213e-05    4.66344e-05       0.999875     -0.0118715   -2.06218e-06     0.00460332    -0.00937633

    0.000645050    0.000789100     0.00523664       0.570863    0.000536670       0.790018       0.223512


Number of singular values used in solution = 7


CURRENT VALUE OF MARQUARDT LAMBDA = 1.00000 --------->

FROZEN PARAMETERS-


SINGULAR VALUES IN SOLUTION:-
        1373.12        725.313        365.491        233.959        5.25724        2.82587       0.895532
TRUNCATED SINGULAR VALUES:-


MATRIX OF EIGENVECTORS IN SOLUTION:-
       0.108675       0.765074     0.00339784       0.361036       0.438505      -0.207535      -0.192705

      0.0127179       0.479246    0.000245315      0.0283241      -0.876855     -0.0161158     -0.0150081

      -0.948386       0.211612    -0.00161436      -0.170828      0.0930182      0.0981536      0.0911800

      -0.297621      -0.374408     0.00631473       0.675604      -0.173731      -0.382205      -0.372153

    -0.00376832    -0.00477797      0.0129820       0.239171    -0.00218656      -0.420481       0.875090

    2.15213e-05    4.66344e-05       0.999875     -0.0118715   -2.06218e-06     0.00460332    -0.00937633

    0.000645050    0.000789100     0.00523664       0.570863    0.000536670       0.790018       0.223512


Number of singular values used in solution = 7


CURRENT VALUE OF MARQUARDT LAMBDA = 10.0000 --------->

FROZEN PARAMETERS-


SINGULAR VALUES IN SOLUTION:-
        7564.54        7065.23        3511.42        458.833        28.3746        28.1887        4.73969
TRUNCATED SINGULAR VALUES:-


MATRIX OF EIGENVECTORS IN SOLUTION:-
     -0.0167708      -0.420416   -0.000381057     -0.0402329      -0.905734      0.0231724      0.0214404

      0.0147300       0.905137    0.000310424      0.0330573      -0.422783     -0.0190217     -0.0175971

      -0.999419      0.0219195   -0.000181885     -0.0190839     0.00969941      0.0110566      0.0100413

     -0.0257479     -0.0591161     0.00761655       0.779304     -0.0283881      -0.439886      -0.440640

   -0.000611036    -0.00116896       0.607515       0.299897   -0.000553403      -0.173854       0.714675

    0.000471158    0.000909789       0.794271      -0.237749    0.000428038       0.135704      -0.542396

    0.000255939    0.000443550     0.00137987       0.493099    0.000226344       0.869965     0.00354056


Number of singular values used in solution = 7


CURRENT VALUE OF MARQUARDT LAMBDA = 10.0000 --------->

FROZEN PARAMETERS-


SINGULAR VALUES IN SOLUTION:-
        7564.54        7065.23        3511.42        458.833        28.3746        28.1887        4.73969
TRUNCATED SINGULAR VALUES:-


MATRIX OF EIGENVECTORS IN SOLUTION:-
     -0.0167708      -0.420416   -0.000381057     -0.0402329      -0.905734      0.0231724      0.0214404

      0.0147300       0.905137    0.000310424      0.0330573      -0.422783     -0.0190217     -0.0175971

      -0.999419      0.0219195   -0.000181885     -0.0190839     0.00969941      0.0110566      0.0100413

     -0.0257479     -0.0591161     0.00761655       0.779304     -0.0283881      -0.439886      -0.440640

   -0.000611036    -0.00116896       0.607515       0.299897   -0.000553403      -0.173854       0.714675

    0.000471158    0.000909789       0.794271      -0.237749    0.000428038       0.135704      -0.542396

    0.000255939    0.000443550     0.00137987       0.493099    0.000226344       0.869965     0.00354056


Number of singular values used in solution = 7


CURRENT VALUE OF MARQUARDT LAMBDA = 100.000 --------->

FROZEN PARAMETERS-


SINGULAR VALUES IN SOLUTION:-
        73848.1        68217.3        34966.5        611.278        282.587        241.529        38.8224
TRUNCATED SINGULAR VALUES:-


MATRIX OF EIGENVECTORS IN SOLUTION:-
    -0.00102140     -0.0318949   -2.28876e-05    -0.00240415      -0.999486     0.00138584     0.00128137

     0.00212251       0.999471    4.33750e-05     0.00460289     -0.0319145    -0.00265036    -0.00244991

      -0.999994     0.00216842   -1.81507e-05    -0.00190261    0.000960109     0.00110334    0.000999429

    -0.00234795    -0.00574380      0.0103011       0.688287    -0.00277235      -0.353604      -0.633303

    7.32102e-06    1.65406e-05      -0.999719    -0.00499574    8.17142e-06     0.00239346     -0.0230272

   -0.000615837    -0.00147315     -0.0213108       0.583638   -0.000709666      -0.248532       0.772749

    0.000140897    0.000325556    0.000819566       0.430781    0.000158331       0.901765     -0.0353088


Number of singular values used in solution = 7


CURRENT VALUE OF MARQUARDT LAMBDA = 100.000 --------->

FROZEN PARAMETERS-


SINGULAR VALUES IN SOLUTION:-
        73848.1        68217.3        34966.5        611.278        282.587        241.529        38.8224
TRUNCATED SINGULAR VALUES:-


MATRIX OF EIGENVECTORS IN SOLUTION:-
    -0.00102140     -0.0318949   -2.28876e-05    -0.00240415      -0.999486     0.00138584     0.00128137

     0.00212251       0.999471    4.33750e-05     0.00460289     -0.0319145    -0.00265036    -0.00244991

      -0.999994     0.00216842   -1.81507e-05    -0.00190261    0.000960109     0.00110334    0.000999429

    -0.00234795    -0.00574380      0.0103011       0.688287    -0.00277235      -0.353604      -0.633303

    7.32102e-06    1.65406e-05      -0.999719    -0.00499574    8.17142e-06     0.00239346     -0.0230272

   -0.000615837    -0.00147315     -0.0213108       0.583638   -0.000709666      -0.248532       0.772749

    0.000140897    0.000325556    0.000819566       0.430781    0.000158331       0.901765     -0.0353088


Number of singular values used in solution = 7


CURRENT VALUE OF MARQUARDT LAMBDA = 1000.00 --------->

FROZEN PARAMETERS-


SINGULAR VALUES IN SOLUTION:-
        737567.        679138.        349518.        3129.33        2825.79        1159.14        315.276
TRUNCATED SINGULAR VALUES:-


MATRIX OF EIGENVECTORS IN SOLUTION:-
   -9.64905e-05    -0.00305333   -2.16177e-06   -0.000226928      -0.999995    0.000130823    0.000120953

    0.000216140       0.999995    4.39744e-06    0.000466551    -0.00305352   -0.000268656   -0.000248316

       -1.00000    0.000216577   -1.81442e-06   -0.000190175    9.58993e-05    0.000110294    9.98808e-05

   -0.000119408   -0.000296356     0.00577609      0.0827837   -0.000143208     -0.0372558      -0.995854

    1.49748e-06    3.60226e-06      -0.999982    -0.00113768    1.76046e-06    0.000511919    -0.00591376

   -0.000198589   -0.000486888    -0.00173460       0.976712   -0.000235000      -0.195444      0.0884944

    6.84715e-05    0.000166150    0.000396005       0.197935    8.03316e-05       0.980007     -0.0202068


Number of singular values used in solution = 7


CURRENT VALUE OF MARQUARDT LAMBDA = 1000.00 --------->

FROZEN PARAMETERS-


SINGULAR VALUES IN SOLUTION:-
        737567.        679138.        349518.        3129.33        2825.79        1159.14        315.276
TRUNCATED SINGULAR VALUES:-


MATRIX OF EIGENVECTORS IN SOLUTION:-
   -9.64905e-05    -0.00305333   -2.16177e-06   -0.000226928      -0.999995    0.000130823    0.000120953

    0.000216140       0.999995    4.39744e-06    0.000466551    -0.00305352   -0.000268656   -0.000248316

       -1.00000    0.000216577   -1.81442e-06   -0.000190175    9.58993e-05    0.000110294    9.98808e-05

   -0.000119408   -0.000296356     0.00577609      0.0827837   -0.000143208     -0.0372558      -0.995854

    1.49748e-06    3.60226e-06      -0.999982    -0.00113768    1.76046e-06    0.000511919    -0.00591376

   -0.000198589   -0.000486888    -0.00173460       0.976712   -0.000235000      -0.195444      0.0884944

    6.84715e-05    0.000166150    0.000396005       0.197935    8.03316e-05       0.980007     -0.0202068


Number of singular values used in solution = 7


------------------------------------------------------------------------------
OPTIMISATION ITERATION NO.        : 2

CURRENT VALUE OF MARQUARDT LAMBDA = 0.00000 --------->

FROZEN PARAMETERS-


SINGULAR VALUES IN SOLUTION:-
        1438.31        3.92889        2.04985       0.807142       0.520046       0.128193
TRUNCATED SINGULAR VALUES:-
        0.00000


MATRIX OF EIGENVECTORS IN SOLUTION:-
      -0.109492      -0.253248   -0.000963412      -0.713258      -0.229254       0.574528       0.180275

       0.175301       0.542092    6.35282e-05      -0.131328     -0.0258701      -0.150983       0.796677

      -0.676990       0.244078     0.00171767      -0.120119       0.676754      0.0983328     0.00369496

       0.600609       0.415784   -0.000390755     -0.0673528       0.373087       0.465251      -0.325889

      -0.333186       0.639037    -0.00243390     -0.0453288      -0.577062      0.0503092      -0.378189

      -0.164987     -0.0343985    -0.00349211       0.673048      -0.128739       0.646880       0.289072


Number of singular values used in solution = 6


CURRENT VALUE OF MARQUARDT LAMBDA = 0.100000 --------->

FROZEN PARAMETERS-
MK_RING_L2 = 1.11111
MR_UPLAND = 0.200000


SINGULAR VALUES IN SOLUTION:-
        957.634        62.7585        35.3111       0.418953
TRUNCATED SINGULAR VALUES:-
    0.000741879


MATRIX OF EIGENVECTORS IN SOLUTION:-
       0.121064       0.262709    0.000142841       0.713908      -0.637701

      -0.991985      0.0671576    1.92544e-05      0.0796657     -0.0714708

     -0.0361706      -0.962518    3.89783e-05       0.204384      -0.174579

   -1.32864e-05     0.00574967   -0.000130553       0.664993       0.746828


Number of singular values used in solution = 4


CURRENT VALUE OF MARQUARDT LAMBDA = 0.100000 --------->

FROZEN PARAMETERS-
MK_REST_L2 = 2.22222
MK_RING_L2 = 1.11111
MR_UPLAND = 0.200000
MR_REST = 2.00000


SINGULAR VALUES IN SOLUTION:-
        61.3964        4.85056    0.000923239
TRUNCATED SINGULAR VALUES:-


MATRIX OF EIGENVECTORS IN SOLUTION:-
      -0.994717      -0.102654   -0.000261731

      -0.102654       0.994716     0.00153008

    0.000103280     0.00154887      -0.999999


Number of singular values used in solution = 3


CURRENT VALUE OF MARQUARDT LAMBDA = 1.00000 --------->

FROZEN PARAMETERS-
MK_RING_L2 = 1.11111
MR_UPLAND = 0.200000


SINGULAR VALUES IN SOLUTION:-
        1010.69        609.169        330.979        1.82555     0.00741711
TRUNCATED SINGULAR VALUES:-


MATRIX OF EIGENVECTORS IN SOLUTION:-
       0.275594       0.367869    0.000132301       0.662533      -0.591414

      -0.959880       0.155058    3.51166e-05       0.174313      -0.155574

     -0.0517572      -0.916858    5.87054e-05       0.295922      -0.262912

    6.77742e-05    0.000847773   -5.98510e-05       0.665654       0.746260

   -2.88646e-07    2.39453e-07       -1.00000    7.13074e-05   -0.000143807


Number of singular values used in solution = 5


CURRENT VALUE OF MARQUARDT LAMBDA = 1.00000 --------->

FROZEN PARAMETERS-
MK_REST_L2 = 2.22222
MK_RING_L2 = 1.11111
MR_UPLAND = 0.200000
MR_REST = 2.00000


SINGULAR VALUES IN SOLUTION:-
        512.298        23.5476     0.00916436
TRUNCATED SINGULAR VALUES:-


MATRIX OF EIGENVECTORS IN SOLUTION:-
      -0.999930     -0.0118145   -2.99208e-05

     -0.0118146       0.999930    0.000375990

    2.54766e-05    0.000376317       -1.00000


Number of singular values used in solution = 3


CURRENT VALUE OF MARQUARDT LAMBDA = 10.0000 --------->

FROZEN PARAMETERS-
MK_RING_L2 = 1.11111
MR_UPLAND = 0.200000


SINGULAR VALUES IN SOLUTION:-
        6272.15        3753.63        876.390        15.8652      0.0741693
TRUNCATED SINGULAR VALUES:-


MATRIX OF EIGENVECTORS IN SOLUTION:-
      -0.999722     -0.0126589   -2.92733e-06     -0.0148391      0.0132370

     -0.0142208       0.996655    1.19716e-05      0.0600425     -0.0535885

      0.0187996      0.0807385   -0.000145949      -0.746342       0.660379

    7.52120e-05    0.000345604   -4.10805e-05       0.662682       0.748901

    9.37951e-09    1.70727e-07       -1.00000    8.24670e-05   -0.000127827


Number of singular values used in solution = 5


CURRENT VALUE OF MARQUARDT LAMBDA = 10.0000 --------->

FROZEN PARAMETERS-
MK_REST_L2 = 2.22222
MK_RING_L2 = 1.11111
MR_UPLAND = 0.200000
MR_REST = 2.00000


SINGULAR VALUES IN SOLUTION:-
        5026.53        205.303      0.0914611
TRUNCATED SINGULAR VALUES:-


MATRIX OF EIGENVECTORS IN SOLUTION:-
      -0.999999    -0.00119761   -3.03060e-06

    -0.00119761       0.999999    4.39179e-05

    2.97804e-06    4.39215e-05       -1.00000


Number of singular values used in solution = 3


CURRENT VALUE OF MARQUARDT LAMBDA = 100.000 --------->

FROZEN PARAMETERS-
MK_RING_L2 = 1.11111
MR_UPLAND = 0.200000


SINGULAR VALUES IN SOLUTION:-
        62578.1        36793.0        1046.05        154.646       0.741691
TRUNCATED SINGULAR VALUES:-


MATRIX OF EIGENVECTORS IN SOLUTION:-
      -0.999998    -0.00108191   -2.48835e-07    -0.00126402     0.00112749

     0.00109288      -0.999978   -9.65629e-07    -0.00484179     0.00432274

     0.00168508     0.00648596   -0.000125370      -0.775115       0.631784

    7.50263e-05    0.000291739   -3.88208e-05       0.631800       0.775131

    3.36158e-08    1.41400e-07       -1.00000    7.26543e-05   -0.000109303


Number of singular values used in solution = 5


CURRENT VALUE OF MARQUARDT LAMBDA = 100.000 --------->

FROZEN PARAMETERS-
MK_RING_L2 = 1.11111
MR_UPLAND = 0.200000
MR_REST = 2.00000


SINGULAR VALUES IN SOLUTION:-
        61310.1        28713.5        10.3002        2.04475
TRUNCATED SINGULAR VALUES:-


MATRIX OF EIGENVECTORS IN SOLUTION:-
       -1.00000   -0.000737878   -9.22754e-07   -6.82429e-05

    0.000737898       -1.00000   -3.97772e-06   -0.000289606

   -1.08330e-06   -4.67449e-06       0.999997     0.00240318

   -6.80268e-05   -0.000289646    -0.00240318       0.999997


Number of singular values used in solution = 4


CURRENT VALUE OF MARQUARDT LAMBDA = 1000.00 --------->

FROZEN PARAMETERS-
MK_RING_L2 = 1.11111
MR_UPLAND = 0.200000


SINGULAR VALUES IN SOLUTION:-
        625660.        367354.        2678.45        1417.31        7.41689
TRUNCATED SINGULAR VALUES:-


MATRIX OF EIGENVECTORS IN SOLUTION:-
       -1.00000   -0.000106635   -2.45123e-08   -0.000124549    0.000111095

    0.000106741       -1.00000   -9.46547e-08   -0.000474637    0.000423770

    0.000156987    0.000598667   -4.62803e-05      -0.927484       0.373862

    5.64517e-05    0.000215597   -3.16338e-05       0.373862       0.927484

    1.54530e-08    6.01380e-08       -1.00000    3.10977e-05   -4.66423e-05


Number of singular values used in solution = 5


CURRENT VALUE OF MARQUARDT LAMBDA = 1000.00 --------->

FROZEN PARAMETERS-
MK_RING_L2 = 1.11111
MR_UPLAND = 0.200000
MR_REST = 2.00000


SINGULAR VALUES IN SOLUTION:-
        612984.        286697.        102.999        7.41238
TRUNCATED SINGULAR VALUES:-


MATRIX OF EIGENVECTORS IN SOLUTION:-
       -1.00000   -7.37137e-05   -9.21672e-08   -6.81643e-06

    7.37139e-05       -1.00000   -3.98493e-07   -2.90132e-05

   -9.35547e-08   -4.04532e-07        1.00000    0.000207901

   -6.81428e-06   -2.90136e-05   -0.000207901        1.00000


Number of singular values used in solution = 4


------------------------------------------------------------------------------
OPTIMISATION ITERATION NO.        : 3

CURRENT VALUE OF MARQUARDT LAMBDA = 0.00000 --------->

FROZEN PARAMETERS-


SINGULAR VALUES IN SOLUTION:-
        1423.44        3.54636        1.78598       0.750557       0.655680       0.129794
TRUNCATED SINGULAR VALUES:-
        0.00000


MATRIX OF EIGENVECTORS IN SOLUTION:-
      -0.112553      -0.209347   -0.000329760      -0.710967      -0.234881       0.594943       0.170013

       0.272509       0.512427   -0.000441060      -0.111388      -0.118112      -0.170639       0.779539

      -0.677214       0.174737     0.00129519      -0.102225       0.674334      0.0165488       0.213064

       0.181117       0.750859   -6.42834e-06     -0.0327898       0.113796       0.432700      -0.449615

      -0.631441       0.305197   -0.000701316      0.0144094      -0.665453      -0.221249      -0.127082

      -0.151430     -0.0782622   -0.000272672       0.685847      -0.142737       0.616823       0.315776


Number of singular values used in solution = 6


CURRENT VALUE OF MARQUARDT LAMBDA = 0.0100000 --------->

FROZEN PARAMETERS-
MFGW = 1.66670
MK_REST_L1 = 0.111111
MR_UPLAND = 0.200000


SINGULAR VALUES IN SOLUTION:-
        951.044        8.19143       0.271794     0.00257637
TRUNCATED SINGULAR VALUES:-


MATRIX OF EIGENVECTORS IN SOLUTION:-
    0.000503028       0.718433       0.253539      -0.647744

    0.000156171      -0.180482       0.967259       0.178425

   -0.000978893      -0.671774      0.0112808      -0.740670

       0.999999   -0.000990801   -0.000267553   -0.000427069


Number of singular values used in solution = 4


CURRENT VALUE OF MARQUARDT LAMBDA = 0.0100000 --------->

FROZEN PARAMETERS-
MFGW = 1.66670
MK_REST_L1 = 0.111111
MR_UPLAND = 0.200000
MK_REST_L2 = 2.22222
MR_REST = 2.00000


SINGULAR VALUES IN SOLUTION:-
        1.08702
TRUNCATED SINGULAR VALUES:-
        0.00000


MATRIX OF EIGENVECTORS IN SOLUTION:-
    -0.00119309      -0.999999


Number of singular values used in solution = 1


CURRENT VALUE OF MARQUARDT LAMBDA = 0.100000 --------->

FROZEN PARAMETERS-
MFGW = 1.66670
MK_REST_L1 = 0.111111
MR_UPLAND = 0.200000


SINGULAR VALUES IN SOLUTION:-
        955.994        73.2529       0.402432      0.0257091
TRUNCATED SINGULAR VALUES:-


MATRIX OF EIGENVECTORS IN SOLUTION:-
    0.000500367       0.714668       0.272238      -0.644311

   -0.000109191      -0.201409       0.962229       0.183164

   -0.000727430      -0.669839     0.00113157      -0.742505

        1.00000   -0.000866849   -3.03293e-05   -0.000197729


Number of singular values used in solution = 4


CURRENT VALUE OF MARQUARDT LAMBDA = 0.100000 --------->

FROZEN PARAMETERS-
MFGW = 1.66670
MK_REST_L1 = 0.111111
MR_UPLAND = 0.200000
MK_REST_L2 = 2.22222
MR_REST = 2.00000


SINGULAR VALUES IN SOLUTION:-
        2.19108
TRUNCATED SINGULAR VALUES:-
        0.00000


MATRIX OF EIGENVECTORS IN SOLUTION:-
   -0.000597777       -1.00000


Number of singular values used in solution = 1


CURRENT VALUE OF MARQUARDT LAMBDA = 1.00000 --------->

FROZEN PARAMETERS-
MFGW = 1.66670
MK_REST_L1 = 0.111111
MR_UPLAND = 0.200000


SINGULAR VALUES IN SOLUTION:-
        1097.52        631.847        1.69906       0.257030
TRUNCATED SINGULAR VALUES:-


MATRIX OF EIGENVECTORS IN SOLUTION:-
    0.000389159       0.555196       0.664461      -0.500248

   -0.000341534      -0.493615       0.747323       0.444807

   -9.58910e-05      -0.669404    2.48558e-05      -0.742899

        1.00000   -0.000448836   -3.34202e-06    0.000275355


Number of singular values used in solution = 4


CURRENT VALUE OF MARQUARDT LAMBDA = 1.00000 --------->

FROZEN PARAMETERS-
MFGW = 1.66670
MK_REST_L1 = 0.111111
MR_UPLAND = 0.200000
MK_REST_L2 = 2.22222
MR_REST = 2.00000


SINGULAR VALUES IN SOLUTION:-
        13.2316     0.00182010
TRUNCATED SINGULAR VALUES:-


MATRIX OF EIGENVECTORS IN SOLUTION:-
   -9.79207e-05       -1.00000

        1.00000   -9.79207e-05


Number of singular values used in solution = 2


CURRENT VALUE OF MARQUARDT LAMBDA = 10.0000 --------->

FROZEN PARAMETERS-
MFGW = 1.66670
MK_REST_L1 = 0.111111
MR_UPLAND = 0.200000


SINGULAR VALUES IN SOLUTION:-
        7832.88        897.733        14.6555        2.57023
TRUNCATED SINGULAR VALUES:-


MATRIX OF EIGENVECTORS IN SOLUTION:-
    1.76094e-05      0.0247937       0.999443     -0.0223220

   -0.000511749      -0.744504      0.0333615       0.666784

    0.000102988      -0.667157   -8.67509e-05      -0.744917

        1.00000   -0.000312727   -5.17913e-07    0.000418336


Number of singular values used in solution = 4


CURRENT VALUE OF MARQUARDT LAMBDA = 10.0000 --------->

FROZEN PARAMETERS-
MFGW = 1.66670
MK_REST_L1 = 0.111111
MR_UPLAND = 0.200000
MK_REST_L2 = 2.22222
MR_REST = 2.00000


SINGULAR VALUES IN SOLUTION:-
        123.637      0.0181865
TRUNCATED SINGULAR VALUES:-


MATRIX OF EIGENVECTORS IN SOLUTION:-
   -1.04796e-05       -1.00000

        1.00000   -1.04796e-05


Number of singular values used in solution = 2


CURRENT VALUE OF MARQUARDT LAMBDA = 100.000 --------->

FROZEN PARAMETERS-
MFGW = 1.66670
MK_REST_L1 = 0.111111
MR_UPLAND = 0.200000


SINGULAR VALUES IN SOLUTION:-
        77703.0        1040.91        143.350        25.7023
TRUNCATED SINGULAR VALUES:-


MATRIX OF EIGENVECTORS IN SOLUTION:-
    1.59534e-06     0.00224176       0.999995    -0.00201809

   -0.000454913      -0.764373     0.00301476       0.644768

    0.000127142      -0.644771   -9.71565e-05      -0.764376

        1.00000   -0.000265749   -2.11525e-07    0.000390501


Number of singular values used in solution = 4


CURRENT VALUE OF MARQUARDT LAMBDA = 100.000 --------->

FROZEN PARAMETERS-
MFGW = 1.66670
MK_REST_L1 = 0.111111
MR_UPLAND = 0.200000
MK_REST_L2 = 2.22222
MR_REST = 2.00000


SINGULAR VALUES IN SOLUTION:-
        1227.69       0.181849
TRUNCATED SINGULAR VALUES:-


MATRIX OF EIGENVECTORS IN SOLUTION:-
   -1.05536e-06       -1.00000

        1.00000   -1.05537e-06


Number of singular values used in solution = 2


CURRENT VALUE OF MARQUARDT LAMBDA = 1000.00 --------->

FROZEN PARAMETERS-
MFGW = 1.66670
MK_REST_L1 = 0.111111
MR_UPLAND = 0.200000


SINGULAR VALUES IN SOLUTION:-
        776473.        2477.05        1356.35        257.022
TRUNCATED SINGULAR VALUES:-


MATRIX OF EIGENVECTORS IN SOLUTION:-
    1.58029e-07    0.000222018        1.00000   -0.000199865

   -0.000200310      -0.898084    0.000287296       0.439823

   -0.000115312       0.439823    8.18465e-05       0.898084

        1.00000   -0.000129178   -9.10433e-08    0.000191661


Number of singular values used in solution = 4


CURRENT VALUE OF MARQUARDT LAMBDA = 1000.00 --------->

FROZEN PARAMETERS-
MFGW = 1.66670
MK_REST_L1 = 0.111111
MR_UPLAND = 0.200000
MR_REST = 2.00000


SINGULAR VALUES IN SOLUTION:-
        4.59722
TRUNCATED SINGULAR VALUES:-
        0.00000        0.00000


MATRIX OF EIGENVECTORS IN SOLUTION:-
    1.33977e-09        1.00000    9.01421e-07


Number of singular values used in solution = 1


