     7     7     1
   0.0624894 -1.03751e-06 -0.000268907  6.90027e-07  4.07851e-06  0.000308106  4.60086e-06
-1.03751e-06    0.0574133 -0.000132421 -2.61368e-06 -1.25705e-05  0.000240415 -1.89617e-05
-0.000268907 -0.000132421    0.0334218  3.68842e-05  0.000191653    0.0286638  0.000847313
 6.90027e-07 -2.61368e-06  3.68842e-05    0.0624992 -3.63017e-06 -2.49227e-05 -7.54767e-06
 4.07851e-06 -1.25705e-05  0.000191653 -3.63017e-06     0.062482 -0.000137512 -3.25368e-05
 0.000308106  0.000240415    0.0286638 -2.49227e-05 -0.000137512    0.0274164 -0.000873735
 4.60086e-06 -1.89617e-05  0.000847313 -7.54767e-06 -3.25368e-05 -0.000873735     0.062395
* row and column names
mfgw
mk_rest_l1
mk_rest_l2
mk_upland_l1
mk_upland_l2
mr_rest
mr_upland
