     7     7     1
   0.0624809 -6.72203e-06 -0.000323807    2.447e-06  1.64866e-05  0.000381302  3.44894e-05
-6.72203e-06    0.0574102 -0.000477654  -2.3787e-06  -1.4482e-05  0.000733084  6.34091e-05
-0.000323807 -0.000477654    0.0313815  0.000100873  0.000727222    0.0259911   0.00919236
   2.447e-06  -2.3787e-06  0.000100873    0.0624967  -2.0335e-05 -8.59134e-06 -5.60054e-05
 1.64866e-05  -1.4482e-05  0.000727222  -2.0335e-05    0.0623696  -0.00013637 -0.000395782
 0.000381302  0.000733084    0.0259911 -8.59134e-06  -0.00013637    0.0270721  -0.00547699
 3.44894e-05  6.34091e-05   0.00919236 -5.60054e-05 -0.000395782  -0.00547699    0.0566745
* row and column names
mfgw
mk_rest_l1
mk_rest_l2
mk_upland_l1
mk_upland_l2
mr_rest
mr_upland
