     6     6     1
   0.0624967 -1.03552e-18 -2.85182e-06  -0.00024991  0.000169298 -1.03552e-18
-1.03552e-18       0.0625 -1.01653e-18 -1.46317e-16  8.43354e-17 -3.00402e-29
-2.85182e-06 -1.01653e-18     0.105783 -0.000591712  0.000461675 -1.01653e-18
 -0.00024991 -1.46317e-16 -0.000591712    0.0495741      0.03919 -1.46317e-16
 0.000169298  8.43354e-17  0.000461675      0.03919     0.033884  8.43354e-17
-1.03552e-18 -3.00402e-29 -1.01653e-18 -1.46317e-16  8.43354e-17       0.0625
* row and column names
mfgw_rest
mfgw_upland
mk_rest_l1
mk_rest_l2
mr_rest
mr_upland
